{"0": [{"cam_R_m2c": [0.19989193495465496, -0.1206120390857832, -0.97236616064508, -0.8631058149155343, 0.44805764306272255, -0.23300794139271191, 0.46377965306713886, 0.8858312957446511, -0.014537843040729576], "cam_t_m2c": [273.7323346216794, 620.0729097063928, 1823.734804081689], "obj_id": 0}, {"cam_R_m2c": [-0.49201137707421716, 0.1550833917122081, -0.856664430477051, 0.860711370971336, 0.23445666003867247, -0.4518915914731692, 0.1307698004516944, -0.9596766206272549, -0.24883738286534823], "cam_t_m2c": [188.9189041798494, 402.77241661605166, 1835.2881006428645], "obj_id": 20}, {"cam_R_m2c": [0.09882628099122304, -0.3366840832142298, -0.9364172116613604, -0.7483908952953806, 0.5950633276204655, -0.29293464110657397, 0.6558539730949434, 0.7297557565593108, -0.19316340684540959], "cam_t_m2c": [441.1009625051753, -143.16558514250178, 1927.161051577951], "obj_id": 20}, {"cam_R_m2c": [-0.35704655071588803, -0.8727460870561545, 0.33291444569146766, -0.19637820295773054, 0.418575504240283, 0.8866961986233418, -0.9132104697302691, 0.2512146786677947, -0.3208392482176353], "cam_t_m2c": [-0.21241592767266304, -518.0959614948354, 1988.8399937478298], "obj_id": 20}, {"cam_R_m2c": [0.9067765345209258, 0.12235673664879376, -0.4034664117852665, 0.3579879361499432, -0.7289526613430152, 0.5835003471224675, -0.22271271632604317, -0.6735405307162989, -0.7047994037093691], "cam_t_m2c": [-436.65276682622357, 197.90474310101533, 1904.3584330304427], "obj_id": 18}, {"cam_R_m2c": [-0.40610708062057843, -0.9133639101874452, -0.029041464097585748, -0.9063910182817239, 0.3985541507347767, 0.14003539163475945, -0.11632867680864643, 0.08319228629615458, -0.9897205072406898], "cam_t_m2c": [-41.35338232014064, -127.954225413768, 1957.7562278230507], "obj_id": 19}, {"cam_R_m2c": [0.2672834447144747, 0.28838251398569476, 0.9194536887787526, -0.3946523724313675, -0.8377146353395418, 0.3774701242114829, 0.879095594981489, -0.4637560946933526, -0.11009641010910622], "cam_t_m2c": [-502.97875940092115, -132.78892591061344, 1918.116188646853], "obj_id": 20}, {"cam_R_m2c": [0.38591119868161483, -0.6816509933319038, 0.6216304931563021, 0.7653630583562632, 0.6127726959499249, 0.19679688006116286, -0.5150649819543799, 0.39982689552841455, 0.7581863346014913], "cam_t_m2c": [-182.41445371298005, 153.1999639747065, 1869.2272723363221], "obj_id": 19}, {"cam_R_m2c": [0.9904765108139223, 0.033750192741318005, 0.13348110733658633, -0.13141277057012662, 0.5209563298960184, 0.8434068923552581, -0.04107268261217846, -0.8529158380703191, 0.5204302142572476], "cam_t_m2c": [16.43214373646663, 278.2348619948073, 1850.4467470638795], "obj_id": 19}, {"cam_R_m2c": [0.23889907625080048, -0.8971019287591021, 0.371665657255568, -0.4526383232674398, 0.23574294072501653, 0.8599673332214209, -0.8590959083106819, -0.3736755214287129, -0.3497439420616524], "cam_t_m2c": [-324.60244517199243, -420.020956848914, 1970.0476549507005], "obj_id": 20}, {"cam_R_m2c": [0.6325701985406222, -0.589289494536353, 0.5025861473890487, 0.7743922001190235, 0.4702518809770982, -0.4232964550197875, 0.013102072854907477, 0.6569635150193581, 0.7538085138948181], "cam_t_m2c": [636.2171407402838, -215.98936911516788, 1969.6651566305436], "obj_id": 0}, {"cam_R_m2c": [-0.9559832778189271, 0.21420491998040725, -0.20052986008763804, 0.20269524470257302, 0.9762478545970834, 0.07651643071626231, 0.21215704161197319, 0.032501979182500834, -0.9766949426733387], "cam_t_m2c": [277.33479371853, -166.00565902000167, 1957.359304981654], "obj_id": 20}, {"cam_R_m2c": [0.15843194173142916, 0.8158608222545388, 0.5561208848347242, -0.9865281860159557, 0.1540519127090138, 0.05504676545231646, -0.04076098668183901, -0.557350093658234, 0.8292764406781861], "cam_t_m2c": [-400.76665666731594, -322.7736870686302, 1989.7107803150463], "obj_id": 18}, {"cam_R_m2c": [0.5775783661934979, 0.026069537219802624, 0.815918874726155, 0.652839673883795, -0.6148175837038166, -0.4424925976464475, 0.49010569381364066, 0.788238363693208, -0.3721245636795619], "cam_t_m2c": [-326.9704968278014, -493.5035115092616, 2038.1552080648173], "obj_id": 0}, {"cam_R_m2c": [0.46154811049032873, -0.11898258586048657, 0.8790998157005598, 0.6135608820236017, 0.7585356378464374, -0.21946920095384057, -0.6407155263868876, 0.6406768533190891, 0.4231037507136089], "cam_t_m2c": [223.43359795093977, -420.7176496716159, 2014.3928713580278], "obj_id": 18}, {"cam_R_m2c": [0.5301234644779144, 0.7004752777097523, -0.47781115278672426, -0.5205437159680232, 0.7136766264191701, 0.4687215726517763, 0.6693305253580889, 0.00024128903287030197, 0.7429647297170081], "cam_t_m2c": [-381.8091992457008, -174.73167912475787, 1955.9103492551308], "obj_id": 20}, {"cam_R_m2c": [0.35797108140732964, 0.9334702608826391, 0.022135422376034757, -0.4131161575268953, 0.13707458559451408, 0.9003030591830213, 0.8373719276798584, -0.33142696032729546, 0.434700384980194], "cam_t_m2c": [-226.6481625802502, -223.88417081394144, 1983.9904271897597], "obj_id": 8}, {"cam_R_m2c": [-0.43794767868661844, 0.7940998139924722, 0.4214348302527008, 0.5092698120092527, 0.605451841879948, -0.6116145238140104, -0.7408414738046614, -0.05323112417842306, -0.66956729169639], "cam_t_m2c": [-128.19748502874998, -591.3187056794535, 2048.3679204589475], "obj_id": 0}, {"cam_R_m2c": [-0.16644367144222716, 0.8280933481829367, 0.5353110412946906, 0.9839500266943783, 0.10406298251905384, 0.14495944480223377, 0.06433388846451554, 0.5508468955748169, -0.832123096921737], "cam_t_m2c": [147.85715762650176, 297.18828189088947, 1860.443576632542], "obj_id": 20}, {"cam_R_m2c": [0.8482860127499628, -0.04745489736567728, -0.5274076917231895, 0.07858474048085527, 0.9962295418460595, 0.03675783612710373, 0.5236747837506849, -0.0726273548272511, 0.8488168166303431], "cam_t_m2c": [-265.13447143052844, -667.1596872838902, 2070.511458320925], "obj_id": 8}, {"cam_R_m2c": [0.9426721325102088, -0.32179810750962995, 0.08840378154737923, 0.18226897408053275, 0.7183710274163364, 0.6713576454144454, -0.27954833513416993, -0.6167568767123872, 0.7358421592649445], "cam_t_m2c": [117.3099733657885, 150.34431000940216, 1894.3630492140694], "obj_id": 19}, {"cam_R_m2c": [-0.19654839502938717, 0.9103782819300839, -0.3641155204071922, 0.30394679089060833, -0.29649389729999787, -0.9053771132357825, -0.9321936905593564, -0.2886221624440628, -0.2184311576388322], "cam_t_m2c": [-497.7233272057066, 69.84581168549313, 1877.553824560284], "obj_id": 20}, {"cam_R_m2c": [-0.6476139464652185, -0.17711869124873153, 0.7410972578238848, -0.7580324114991249, 0.051026517330578294, -0.6502177770915939, 0.077350109635128, -0.9828658421877572, -0.16730719291167662], "cam_t_m2c": [-663.2339673896852, 255.72755287955303, 1879.8785251222837], "obj_id": 0}, {"cam_R_m2c": [-0.1931634651883127, -0.9746294210418459, 0.11307239873673514, -0.9655275331959277, 0.16832418926085863, -0.19855364501882364, 0.17448340424530273, -0.14752782432243247, -0.97354562435135], "cam_t_m2c": [-0.4836541574066392, 8.549899383689485, 1956.1332174074273], "obj_id": 19}, {"cam_R_m2c": [0.4471876659641104, 0.03436585217722212, 0.8937797153738184, -0.2845728841998869, -0.9418713590225027, 0.17859623912966766, 0.8479631271392222, -0.3342115067696456, -0.4114136650076587], "cam_t_m2c": [-337.0587839578494, -328.57703476768904, 1952.0316741623096], "obj_id": 20}, {"cam_R_m2c": [-0.4423081809182435, 0.15917617025827452, -0.8826247333463433, 0.5946964204702961, 0.7887134868052823, -0.15577934141365077, 0.6713416720065957, -0.5937962466649336, -0.44351592629129566], "cam_t_m2c": [257.6287520355812, 128.67800779485808, 1876.0279379834158], "obj_id": 19}, {"cam_R_m2c": [-0.33900888607975876, 0.5562039820027299, -0.7587556296748434, 0.921883833240196, 0.3572476583072868, -0.1500143614602389, 0.18762508672702688, -0.7503407499518251, -0.633865589689493], "cam_t_m2c": [-194.7022221494785, 474.81474885617024, 1833.038561112934], "obj_id": 0}, {"cam_R_m2c": [0.5048350037206377, 0.5513305458080756, -0.6642109968054987, -0.42020209997800906, -0.5151831704320458, -0.7470050174380746, -0.7540370111555904, 0.6562171364438422, -0.02841224463129641], "cam_t_m2c": [603.704614499857, -167.8560109954595, 1963.7294990209348], "obj_id": 0}, {"cam_R_m2c": [-0.9505643195402843, 0.06954747675184049, 0.3026394271973973, -0.1848263659596068, -0.9098782053047333, -0.37143083603492505, 0.24953294143876464, -0.40900464543680926, 0.877751964479732], "cam_t_m2c": [198.3530458543036, 496.6909773028613, 1848.4295866407545], "obj_id": 8}, {"cam_R_m2c": [0.3709735147594056, 0.19208029490270553, -0.9085613967460552, 0.6478832517294257, 0.6473967532695608, 0.4014034578632045, 0.6653013929607835, -0.7375517637197551, 0.11572144294952463], "cam_t_m2c": [-157.56719689842774, -478.63873853778324, 1989.3089796162078], "obj_id": 20}, {"cam_R_m2c": [0.12640300117613235, 0.8056245202155529, 0.5787844276767711, -0.6596998483799481, -0.36746854751857344, 0.655563098894427, 0.7408227799825955, -0.464689142343622, 0.48502124659318674], "cam_t_m2c": [583.8893145637873, -290.2573777141635, 1979.2903626500313], "obj_id": 0}, {"cam_R_m2c": [0.15669340601041565, -0.5552462766304901, 0.8167917413887289, 0.16658517814809576, 0.830017116773183, 0.5322790285976892, -0.9734970749489813, 0.05266078381024735, 0.22255400898269206], "cam_t_m2c": [260.56067944802885, 445.3244558182231, 1822.769029266925], "obj_id": 20}, {"cam_R_m2c": [-0.678919271379623, -0.595977351005044, 0.428811870216267, 0.6126463593576317, -0.1379696229752023, 0.7782215760963714, -0.4046394213558559, 0.7910596565525837, 0.4587935902556911], "cam_t_m2c": [-259.74010224465513, -266.45716707476623, 1967.702102767275], "obj_id": 20}, {"cam_R_m2c": [-0.1464347415829964, 0.5833205871573913, -0.7989330128714651, 0.598664972099146, 0.6952045555966498, 0.3978578603712546, 0.7875005508817431, -0.42003299688955414, -0.4510157024815549], "cam_t_m2c": [-310.75024663622787, 198.36676499162468, 1863.4129674079363], "obj_id": 19}, {"cam_R_m2c": [-0.7422882105811522, 0.401268546199859, 0.5366486432134928, -0.08260767882089183, -0.8495616242972716, 0.5209808229879541, 0.6649693104437644, 0.34238662408457676, 0.6637674410634431], "cam_t_m2c": [-260.0945244162261, 441.2354284664784, 1801.4064481324485], "obj_id": 18}, {"cam_R_m2c": [0.20389540896692734, -0.2594007175385963, -0.9440010222148445, -0.7585906869133038, 0.5676659988210967, -0.31983665129382804, 0.6188431400044866, 0.781323608706987, -0.08103447751716088], "cam_t_m2c": [-221.09513860086167, 331.2582517322778, 1871.8720834111753], "obj_id": 18}, {"cam_R_m2c": [-0.040790358516538804, -0.9725888393897411, -0.2289259621506681, 0.2965986878550492, 0.2070029712452385, -0.9322976929384234, 0.9541306855010775, -0.10592789712894311, 0.2800248481743804], "cam_t_m2c": [211.81114031266776, 525.1290713903581, 1801.8056414186492], "obj_id": 19}, {"cam_R_m2c": [-0.8288228550570779, 0.5586513936512705, -0.031004762642645088, 0.4209004717165475, 0.5860260443808428, -0.6923989227433346, -0.3686400247447662, -0.5869259712083247, -0.7208484143544626], "cam_t_m2c": [508.5746423036188, -311.41143447412395, 1986.0371358342074], "obj_id": 0}, {"cam_R_m2c": [-0.4486693230383536, 0.2510242006662842, 0.8577194700157845, 0.548844565449989, -0.6800404507275468, 0.48612203030750184, 0.7053123290715385, 0.6888627120509051, 0.16734002033450754], "cam_t_m2c": [217.89522282757767, -452.0906974110101, 1990.9238384498467], "obj_id": 18}, {"cam_R_m2c": [0.7044144219918097, 0.2777428289854627, -0.6531915821848109, -0.550783952900538, -0.3665672005821391, -0.7498436668297144, -0.44770231104742225, 0.8879681347911794, -0.10523892948083205], "cam_t_m2c": [635.6991192289496, -303.30168158978637, 1982.4662035927956], "obj_id": 0}, {"cam_R_m2c": [-0.959899653685427, 0.04521376988877301, 0.2766737607129411, -0.2349951196254968, -0.6679340507121041, -0.7061454507759135, 0.15287232779936005, -0.7428457571473129, 0.6517746792269853], "cam_t_m2c": [-115.4292188089585, 284.33146623279913, 1839.3885921264118], "obj_id": 19}, {"cam_R_m2c": [-0.8202831355161195, 0.4230657121201916, 0.38490385918574344, -0.3775374087146998, -0.9060250045235565, 0.19126995634202293, 0.42965228104693337, 0.011579913916992663, 0.9029201642364855], "cam_t_m2c": [306.5266571347134, -443.2141485522129, 1974.9922710110557], "obj_id": 18}, {"cam_R_m2c": [-0.2857911922718239, -0.8943409977910425, 0.34420571478401046, 0.9442953357625122, -0.32398886845986913, -0.057771376747123154, 0.1631861307740765, 0.30852130037359754, 0.9371151977952179], "cam_t_m2c": [-595.8658159951548, 304.1684302418904, 1886.507745929641], "obj_id": 0}, {"cam_R_m2c": [-0.5341966783942802, 0.8178935933619158, -0.21373810780965605, 0.120297640812695, 0.3238117278572492, 0.9384425621832185, 0.8367570653465789, 0.47560070946082184, -0.27136981916371133], "cam_t_m2c": [369.4809657899767, -406.76831999611153, 1941.2217443179732], "obj_id": 19}, {"cam_R_m2c": [-0.46233206507109026, -0.41861306653207775, -0.7816726694312086, -0.5115393997302744, 0.8459782587973744, -0.15049328279279864, 0.7242765384372822, 0.33027849789347963, -0.6052599521681039], "cam_t_m2c": [59.01076149755428, 555.4168390878152, 1789.1551596161203], "obj_id": 18}, {"cam_R_m2c": [0.8596717882119195, -0.41632353073798944, 0.29603907564099424, 0.3243731498365015, 0.8925534243478582, 0.31325779216175625, -0.39464728076811384, -0.17327175891865929, 0.9023471734003311], "cam_t_m2c": [191.26181779195892, -322.3061936852462, 1996.9655053735946], "obj_id": 20}, {"cam_R_m2c": [-0.9865555063279063, 0.1634256823791263, 0.0005284628692524271, -0.15541423945939814, -0.9391829179235025, 0.3062382419848174, 0.05054351696651147, 0.30203889322339217, 0.9519547572616273], "cam_t_m2c": [236.21732150690514, 643.8318345175136, 1787.5031698237553], "obj_id": 18}, {"cam_R_m2c": [-0.8891115087364286, 0.3656167945799178, -0.2753272317689221, -0.212105771036328, 0.2039138270029063, 0.9557354723196755, 0.4055759693639606, 0.9081539025287152, -0.1037526982605689], "cam_t_m2c": [348.1216502592465, -103.18207465745388, 1964.6851589805647], "obj_id": 18}, {"cam_R_m2c": [0.5306224950904188, 0.5573138693529849, 0.6386243173657131, 0.028771906279807268, 0.741165511187858, -0.6707054960522298, -0.8471197938385367, 0.3742658627933435, 0.3772441104040058], "cam_t_m2c": [-348.0422466379239, 374.2362483835126, 1830.1506417782066], "obj_id": 20}, {"cam_R_m2c": [0.8953084038311034, 0.43602114683037735, 0.0911505433122794, -0.2079996475877103, 0.2282656414931511, 0.9511208879617291, 0.39390228310177344, -0.8705058049378201, 0.29506039201622386], "cam_t_m2c": [-73.882414560915, -416.454681341844, 1999.134219445017], "obj_id": 18}, {"cam_R_m2c": [-0.4014689794172914, -0.6446688365849953, 0.6505572608939095, -0.10611156202135939, -0.6727904921090355, -0.732183918242588, 0.9097048944416125, -0.3629807775403953, 0.20169769499214543], "cam_t_m2c": [-75.0257694892752, -534.9537819554051, 2013.7843083377152], "obj_id": 18}, {"cam_R_m2c": [-0.8537565031886145, -0.21601186674330308, -0.47374962447396435, 0.33260382467310884, 0.47377876236980637, -0.8154191438396293, 0.40059272219546, -0.8537403339150657, -0.33264532639227495], "cam_t_m2c": [254.56507436415555, 270.3158605619137, 1850.4764126446396], "obj_id": 20}, {"cam_R_m2c": [0.6219570844758748, 0.6286273554478446, -0.46690152393510065, -0.4217941549030022, -0.2334128861822081, -0.8761324759725293, -0.6597416736571462, 0.7418531340816332, 0.11997854597104746], "cam_t_m2c": [-129.71820480734556, 68.9156073038854, 1919.2511157364502], "obj_id": 0}, {"cam_R_m2c": [-0.680355865792531, -0.07387341067456439, 0.7291492406064779, -0.4290722826297802, 0.846723134627655, -0.314574171802437, -0.5941488636365186, -0.5268801120574074, -0.6077700842899463], "cam_t_m2c": [-141.65426706119803, -357.07613401871373, 1964.5730716171474], "obj_id": 20}, {"cam_R_m2c": [0.07378712967635824, 0.8267025128747593, -0.5577798980786974, -0.9795313172082484, -0.04495444877792396, -0.19620778818218926, -0.18728015939334886, 0.5608404877874197, 0.8064639416340761], "cam_t_m2c": [-151.65694297677516, -227.15855015042257, 1937.4761269615626], "obj_id": 19}, {"cam_R_m2c": [0.7753744334449921, 0.5999371314918928, 0.19715457442610057, -0.27132515681948927, 0.03457394799870282, 0.9618665715142942, 0.5702430597883127, -0.7992997437614141, 0.18958579162532319], "cam_t_m2c": [438.2375200961641, 114.59806512275527, 1895.4122165140448], "obj_id": 18}, {"cam_R_m2c": [0.3365448460448546, -0.4133404407467136, -0.846101203547163, 0.020311602863129, 0.9014911679540261, -0.43232061353816675, 0.9414483551367946, 0.12830960269675393, 0.31178781320960164], "cam_t_m2c": [541.0684907527983, 25.090462455052, 1955.2976463598006], "obj_id": 0}, {"cam_R_m2c": [-0.31219231172039646, -0.9351557547503161, 0.16739078487192965, 0.26138850808316555, 0.08484399212302812, 0.9614975532172112, -0.9133520725025653, 0.34392617137693016, 0.21795132552309665], "cam_t_m2c": [-439.50683467517774, -231.32329346604584, 1951.2532406837413], "obj_id": 20}, {"cam_R_m2c": [-0.6022819758723043, 0.7647987347818984, 0.22877787658635382, -0.2988232472359657, -0.48174758671269186, 0.8237863373520168, 0.7402439384761665, 0.4277875149796979, 0.5186875298065191], "cam_t_m2c": [-185.17634729896625, -558.6376301953201, 2058.0847940936014], "obj_id": 0}, {"cam_R_m2c": [-0.2267792554454826, 0.5358408812653079, 0.8132931324340635, 0.9545899537417284, 0.2879424617376849, 0.07646671788305748, -0.19320763316949394, 0.7937025190165776, -0.5768076991439886], "cam_t_m2c": [-279.00805870374757, -136.37763243602618, 1917.9751314709692], "obj_id": 19}, {"cam_R_m2c": [0.6136622068842174, -0.33626889634305135, -0.7143821982623995, 0.6396671223905726, 0.7421366505887302, 0.20014785631004173, 0.46286571311186603, -0.5797899802559259, 0.6705213720831545], "cam_t_m2c": [315.65022986576355, 556.8086578223679, 1821.326693255812], "obj_id": 0}, {"cam_R_m2c": [0.13587735416380617, -0.7902658299544197, -0.597509215520477, -0.31297339641130256, 0.5379795838162145, -0.782704044026672, 0.9399920200534776, 0.293356243164152, -0.17423293842553877], "cam_t_m2c": [-244.78482931244176, -479.28515564762876, 2052.1666011097045], "obj_id": 0}, {"cam_R_m2c": [-0.28042005052357927, -0.8947103936206262, 0.34764623802304734, -0.6737213317642302, -0.07451696697006836, -0.7352188713297652, 0.6837135090007987, -0.44038679950789367, -0.5818894262907764], "cam_t_m2c": [360.6571834955131, 404.9520024482632, 1816.4991134595775], "obj_id": 18}, {"cam_R_m2c": [0.7034392523354518, 0.39074400661415215, 0.5937106530700459, -0.3055914888406563, -0.5879005272145778, 0.7489905286777486, 0.6417063660443866, -0.708302259911644, -0.2941442645746582], "cam_t_m2c": [85.86661092806781, -473.3021760517585, 1987.4688416011047], "obj_id": 20}, {"cam_R_m2c": [0.8419988320520655, 0.397332947026965, 0.3649171084367316, -0.4962177049169061, 0.8358190772339293, 0.23489244231950465, -0.21167417449929218, -0.3788574921242686, 0.9009223298993946], "cam_t_m2c": [-10.317171935313189, -350.57430763551196, 1995.7629342040068], "obj_id": 20}, {"cam_R_m2c": [0.08185332984856288, -0.9040275429595589, -0.41956433828818906, -0.9786283955063867, -0.1525867673987075, 0.1378540602354852, -0.18864383345685706, 0.39931376132725027, -0.897196758862506], "cam_t_m2c": [-28.62829992107493, 154.3084491251897, 1881.5713697534422], "obj_id": 19}, {"cam_R_m2c": [0.16016975958807067, -0.08809734438736716, 0.9831502967631108, -0.7416154675732742, -0.6680498566236214, 0.06095807839189764, 0.6514231699667842, -0.7388831077897589, -0.17233573817805167], "cam_t_m2c": [433.31111643527333, 3.334748148823887, 1930.047867234546], "obj_id": 18}, {"cam_R_m2c": [-0.9472344590949594, -0.3175268893143996, -0.043858340887454855, -0.09157297474471918, 0.3991863536253229, -0.9122853968883432, 0.3071827954158275, -0.8601319257193281, -0.4071999515703288], "cam_t_m2c": [314.33577462378616, 349.4324868258127, 1852.582402246949], "obj_id": 18}, {"cam_R_m2c": [0.6211590991496215, 0.09364334133250662, 0.7780695972518874, -0.75851505957472, 0.3214382246888353, 0.5668618633381937, -0.1970184710680447, -0.942288911286222, 0.2706941627095727], "cam_t_m2c": [-386.00135490018334, -84.60101368300961, 1903.9740978043399], "obj_id": 19}, {"cam_R_m2c": [0.5260401697442091, 0.7217362858072349, 0.4498649503625065, -0.8418750434252922, 0.3669451463949561, 0.395724235794128, 0.12053278007723091, -0.5868969187909926, 0.8006396540519914], "cam_t_m2c": [449.92313271926326, 204.63798679337248, 1881.0918581381325], "obj_id": 18}, {"cam_R_m2c": [0.03309355243030562, 0.7935241846412237, 0.6076382025325794, 0.9867116363115958, -0.12270621366922944, 0.10650507919463229, 0.15907533924161868, 0.596039053683937, -0.7870403311957532], "cam_t_m2c": [204.33463932115197, 206.1267661452684, 1910.1288945394137], "obj_id": 8}, {"cam_R_m2c": [-0.9092078109375044, 0.20009154238817498, 0.3651089305877804, -0.40559560449431703, -0.6236430796273714, -0.6682525831209165, 0.09398596780967333, -0.7556670456607255, 0.648177409323458], "cam_t_m2c": [361.95258592360784, 196.79678977052808, 1902.075046276599], "obj_id": 18}, {"cam_R_m2c": [0.3043464291747906, 0.6914272983519202, -0.6552110668649593, -0.20405714652714638, 0.7191973424401074, 0.6641655392884257, 0.9304482425152686, -0.06843590958591052, 0.3599758245763125], "cam_t_m2c": [452.52036247941015, 180.2495066630407, 1852.7691060794853], "obj_id": 18}, {"cam_R_m2c": [-0.4143163405070907, -0.5855952782788206, 0.6967209915356095, 0.896791129568893, -0.13207547057356123, 0.4222815885156744, -0.15526635152331503, 0.7997713674109137, 0.5798776767166636], "cam_t_m2c": [204.42731095286675, 73.70447638693474, 1935.3116070616024], "obj_id": 8}, {"cam_R_m2c": [-0.896919423461827, -0.44199808896853887, -0.013161959013140413, -0.4408842610012599, 0.8915773365313395, 0.10349358137129004, -0.034009060826149747, 0.09862830390837457, -0.9945430314721837], "cam_t_m2c": [158.26448014264795, -249.5741292598503, 1980.221546263711], "obj_id": 20}, {"cam_R_m2c": [0.4890172994747791, -0.32106838252109204, 0.8110346321580136, -0.07797303256220102, 0.9099808960289671, 0.4072529619970524, -0.8687820710669903, -0.26239257346123285, 0.41996172490471484], "cam_t_m2c": [-98.71884256810594, 212.4737004870494, 1871.71852320384], "obj_id": 18}, {"cam_R_m2c": [0.7930321477256902, -0.5964160405807332, 0.12404805202654709, 0.4541597374746786, 0.7145543053355201, 0.5321194204155716, -0.40600362748442337, -0.3656501760760883, 0.8375326878426989], "cam_t_m2c": [-285.4883793109428, 123.77631755796517, 1910.158301673087], "obj_id": 0}, {"cam_R_m2c": [0.15176039536918026, -0.23430808046360294, -0.9602439824476132, -0.64987031026122, -0.7556438392247586, 0.08167599453115555, -0.744739794987737, 0.6116388735774806, -0.2669466727466273], "cam_t_m2c": [494.0306566460896, -53.91386255160436, 1899.7980784141805], "obj_id": 20}, {"cam_R_m2c": [-0.18955763533476586, 0.8630758716858843, 0.4681537595704461, -0.13178522824832287, 0.45012011622413917, -0.8831899764976417, -0.9729853834985548, -0.22911115355656209, 0.02841694589768659], "cam_t_m2c": [627.6497910721392, -140.5183457249849, 1935.3602606494667], "obj_id": 18}, {"cam_R_m2c": [0.49343819970298036, -0.5455711994296724, 0.6774000364826898, 0.07030588463894764, -0.7512502234182065, -0.6562622832368391, 0.8669347297571, 0.3714500883927243, -0.33233869196050697], "cam_t_m2c": [485.4139401522218, -280.2264748050981, 2005.145626366583], "obj_id": 0}, {"cam_R_m2c": [-0.4346656279421992, -0.8915609805370154, 0.12721953415057516, 0.17407790854631852, 0.05542287339146181, 0.9831709855671972, -0.8836077600619822, 0.44949674424728575, 0.1311106527683281], "cam_t_m2c": [55.9608209138696, 382.1604574285951, 1800.1067938665558], "obj_id": 19}, {"cam_R_m2c": [0.7876455931867881, 0.46844602645658867, 0.40021586654012875, 0.6106463786627641, -0.6799821339257561, -0.40587596352559235, 0.08200865661309935, 0.5640767836374839, -0.8216398008870471], "cam_t_m2c": [-445.66868576932575, 338.7141177329957, 1840.5515056371325], "obj_id": 18}, {"cam_R_m2c": [-0.4980304798145266, -0.2808990927924248, -0.8204031575049574, -0.8554696889627407, 0.004331443756281719, 0.5178347708110932, -0.1419057872030007, 0.9597275333465108, -0.24245785055328248], "cam_t_m2c": [363.0662606207464, -326.2966106837133, 1974.350261940186], "obj_id": 20}, {"cam_R_m2c": [-0.4541234085199426, -0.2322582860700718, -0.8601325586129281, -0.2988113907130757, 0.9492101805154681, -0.09854839413156649, 0.8393352623441644, 0.21226427338953133, -0.5004599840427479], "cam_t_m2c": [-584.0470529684602, 114.54569734206221, 1935.4367433025004], "obj_id": 0}, {"cam_R_m2c": [-0.6362358352693417, 0.7713593002720877, -0.014449629852651068, 0.5376760929776497, 0.42990107026539914, -0.7253202663823438, -0.5532706218112555, -0.46924396604369856, -0.68825992137576], "cam_t_m2c": [-279.9597038086749, -548.8741571885105, 2031.9426952617837], "obj_id": 0}, {"cam_R_m2c": [0.7526443886289998, -0.0586593808068114, 0.655809043326364, -0.5692235901043243, -0.5585685106017475, 0.6033122934541364, 0.3309243550028072, -0.8273815903242635, -0.45379375850541315], "cam_t_m2c": [446.48518570677055, -333.52776899581283, 2012.1971394978082], "obj_id": 8}, {"cam_R_m2c": [0.015156176570334402, -0.7585694918750259, -0.651415855124999, -0.9849627550779293, -0.12346163458360297, 0.12085361349682433, -0.17210073044895483, 0.6397886766600435, -0.7490339029687018], "cam_t_m2c": [-530.8571301140253, 25.67010776143573, 1936.2857801940265], "obj_id": 18}, {"cam_R_m2c": [-0.07968381384605229, 0.8394051067838668, 0.5376332918599, -0.20768371441836586, 0.5135322858814804, -0.8325575452319989, -0.9749451084939799, -0.17799903949883025, 0.13341055940650093], "cam_t_m2c": [551.6667618857937, -221.9272251599502, 1993.3257276010931], "obj_id": 0}, {"cam_R_m2c": [-0.34441059071242985, -0.8151886400320066, -0.46567029770845664, -0.7974920558474273, -0.007685457031155619, 0.6032804941405507, -0.49536629463999615, 0.5791445544188342, -0.6474595116465979], "cam_t_m2c": [-233.58146008085055, -608.12793830529, 2038.9815119438147], "obj_id": 0}, {"cam_R_m2c": [0.7800554557443483, 0.3644208449856723, -0.5086363472102691, 0.3118175083345228, -0.9311667946849388, -0.18893978398481143, -0.5424788728231971, -0.011218209130968661, -0.8399945382705578], "cam_t_m2c": [-123.63433344484662, 377.1995844761195, 1841.952062701333], "obj_id": 20}, {"cam_R_m2c": [-0.8903082551960173, -0.17734327317092843, -0.4194050240410155, -0.4492229512030121, 0.19138089584000365, 0.8726809799806194, -0.07449799220300876, 0.9653614432783708, -0.25005466000301085], "cam_t_m2c": [339.8491080437326, 84.30935973023509, 1946.2329636108502], "obj_id": 18}, {"cam_R_m2c": [-0.495784167577323, -0.8146796586552173, -0.3008240564733473, 0.5108704230863627, -0.5537121198026876, 0.6575821615579116, -0.7022887369132595, 0.17233671157659122, 0.6907174442908947], "cam_t_m2c": [289.7498019700435, -279.413306774261, 1976.8242595361244], "obj_id": 20}, {"cam_R_m2c": [0.6677579640676432, 0.7047900103364343, -0.23952106954129251, -0.7241022869604299, 0.5404322169580249, -0.4284960873712966, -0.1725548592271797, 0.45956942914406607, 0.8712179752239306], "cam_t_m2c": [-544.0604234216852, 186.16136502034854, 1900.2131784747066], "obj_id": 18}, {"cam_R_m2c": [-0.6551750942285633, -0.5558894276586362, 0.5115980259148266, -0.711305352119776, 0.6820599992555598, -0.16982006201055436, -0.2545393720986112, -0.4751642890967933, -0.8422758493621816], "cam_t_m2c": [-189.20044313119215, -14.840910675891317, 1929.5674101928528], "obj_id": 19}, {"cam_R_m2c": [-0.12491063875727429, 0.3104656058964665, 0.9423419973027786, -0.4312082508961178, 0.8384018178387116, -0.3333794177867844, -0.8935640865009972, -0.4479882804271607, 0.029150024280525294], "cam_t_m2c": [561.2515942244738, -84.30696553781215, 1960.9816248160037], "obj_id": 0}, {"cam_R_m2c": [0.5076525720405417, 0.052367672911251564, 0.85996889067831, 0.029030731967107735, -0.9986239622784889, 0.04367377433501302, 0.8610726349745863, 0.0027944224934455053, -0.5084742948280195], "cam_t_m2c": [-315.5670699317351, 41.81722027785399, 1898.9664012280155], "obj_id": 19}, {"cam_R_m2c": [0.9467847049248609, 0.13294425571655383, 0.29312889211456883, -0.06294443064472183, 0.9696042293286739, -0.2364437292861875, -0.3156528491415132, 0.205410475243887, 0.9263745546424109], "cam_t_m2c": [108.25644341876472, -33.82137135539251, 1918.4480778148602], "obj_id": 19}, {"cam_R_m2c": [-0.12278053646357144, 0.45748690077492066, 0.8806989698444498, 0.7296450271960149, 0.6431376944160542, -0.2323618736138284, -0.6727132183581978, 0.6140681083076696, -0.4127678332980852], "cam_t_m2c": [-401.6002847553515, 77.0916475800247, 1883.5557510014976], "obj_id": 20}, {"cam_R_m2c": [-0.2787026293730267, -0.6153371513792731, 0.7373500081460658, 0.7879979521241025, 0.29236469838189594, 0.5418321793584098, -0.54898458250554, 0.7320403494838961, 0.40340160497785993], "cam_t_m2c": [375.4705260933422, -214.11921028649323, 1981.8723652754377], "obj_id": 18}, {"cam_R_m2c": [-0.5408912195547573, 0.5541681779994746, 0.6327197792872529, 0.5576663569223165, -0.3268523424611375, 0.7630044433583981, 0.6296387241629591, 0.765548938161637, -0.13224938681911097], "cam_t_m2c": [239.36713730874834, 570.1741482193985, 1751.075514584667], "obj_id": 19}, {"cam_R_m2c": [-0.4080031389633908, 0.8367456454764104, -0.36522618111559935, -0.30060378936664217, -0.5008514303285, -0.8116558424334236, -0.8620735469868187, -0.22136975745155563, 0.4558778674945782], "cam_t_m2c": [108.13012165314906, 501.40671229095847, 1809.4187357589856], "obj_id": 20}, {"cam_R_m2c": [0.21015739675024747, 0.726518832526534, 0.6542203409979244, 0.6572688979591715, -0.6003698385857934, 0.45558056663119884, 0.7237620219151425, 0.3342550566569638, -0.6036903947658557], "cam_t_m2c": [16.323524609193893, -279.4326638169178, 1945.9734684574942], "obj_id": 19}, {"cam_R_m2c": [0.4225646629279886, 0.013707736648229558, -0.9062291120906117, -0.5308254385120512, 0.814189242908618, -0.2352025309395726, 0.7346179003216874, 0.5804377440241758, 0.3513240183065785], "cam_t_m2c": [-466.593060272495, -87.69067295083323, 1878.6917248627801], "obj_id": 19}, {"cam_R_m2c": [0.7048709205929001, -0.18934510816406874, -0.6835974073362581, -0.7019778557867491, -0.04775554941761871, -0.7105958749421917, 0.10190228303406765, 0.9807486107633078, -0.16657757111413973], "cam_t_m2c": [-226.1813704294668, -411.7828525455344, 1958.6642597536757], "obj_id": 19}, {"cam_R_m2c": [-0.587636289368926, -0.4084701352732125, 0.6984523892196256, 0.7026272162556831, -0.6856813958319444, 0.19014735966283128, 0.4012462914389486, 0.6024891467900814, 0.6899335052065891], "cam_t_m2c": [255.2649162279739, -15.08196212778033, 1894.0464100564782], "obj_id": 19}, {"cam_R_m2c": [-0.8082855033724353, -0.2790899971695633, -0.5184431680694248, -0.5302366080216432, -0.03777569980126933, 0.847007754402654, -0.2559759452598446, 0.9595216360168318, -0.11745018290284433], "cam_t_m2c": [-74.4953766394097, 506.2862399791471, 1818.538950397681], "obj_id": 20}, {"cam_R_m2c": [-0.4723130210914955, 0.7328318352340871, -0.4897733265244893, -0.12921130186679586, 0.4920893379440054, 0.8609021564334232, 0.8719087392481579, 0.46989954750911406, -0.1377300463712174], "cam_t_m2c": [335.12741565543627, 487.97402729936624, 1873.8337138858842], "obj_id": 0}, {"cam_R_m2c": [-0.601027978875757, -0.7509598883661526, 0.2735408830021904, -0.2576246012495254, -0.14195183765741318, -0.9557610792539663, 0.7565678643978642, -0.6449100106610062, -0.10814871570978349], "cam_t_m2c": [-180.5842903053396, 421.833524460385, 1811.2096136182136], "obj_id": 19}, {"cam_R_m2c": [0.5738175382193454, 0.4644084057730247, 0.6745800660257071, 0.2620562486763779, 0.6762588948149866, -0.6884768911977202, -0.7759252253674668, 0.5718380363625439, 0.26634808955101485], "cam_t_m2c": [486.1313993544691, -223.86405193394185, 1901.3593846057597], "obj_id": 19}, {"cam_R_m2c": [-0.6715556194747155, -0.3580660564153716, -0.648692337857535, 0.19296669933264868, -0.9297890685573378, 0.3134583559899802, -0.7153858419766174, 0.08532870111762926, 0.6934998989653741], "cam_t_m2c": [89.20933742694339, -407.4542031842665, 1997.9212775624396], "obj_id": 20}, {"cam_R_m2c": [-0.536450513021695, 0.7924818142209038, -0.29016102634210716, 0.822149698138395, 0.4131334101059676, -0.3916511959705475, -0.19050123603196398, -0.44865728522265086, -0.8731643141396327], "cam_t_m2c": [-374.87391108514856, -447.96101893112467, 2026.248872822572], "obj_id": 8}, {"cam_R_m2c": [-0.1843133299786679, -0.9338900094077301, 0.30639524591710615, -0.667116591390916, 0.3477986171105838, 0.6587803696429719, -0.7217922484227302, -0.08297934842112728, -0.6871174410917429], "cam_t_m2c": [-614.4382729139089, 203.59466391509912, 1903.0785265734394], "obj_id": 0}, {"cam_R_m2c": [-0.18600864836287223, 0.9644840379839184, -0.18754019091504953, 0.9043002553465695, 0.24269133904825285, 0.35120074335213947, 0.3842418911497635, -0.10426626695725628, -0.9173258497722888], "cam_t_m2c": [107.84447843562312, -149.46474789328812, 1957.6230366164405], "obj_id": 19}, {"cam_R_m2c": [-0.5878444220948768, 0.5735116088703031, -0.5705465536684428, -0.6026550531384632, 0.16003250574668973, 0.7817905627667249, 0.5396719580806631, 0.803413985187856, 0.2515554532622002], "cam_t_m2c": [144.14472375765413, 586.4347347474741, 1827.546621210624], "obj_id": 0}, {"cam_R_m2c": [0.9523225594786342, 0.28585085425561896, 0.106635040345078, -0.26861240125020974, 0.9513041535616731, -0.15122098171518825, -0.1446690036001493, 0.11536765810937549, 0.9827314907235338], "cam_t_m2c": [-268.3390344698734, -627.7038115267459, 2038.8038973571204], "obj_id": 18}, {"cam_R_m2c": [-0.2576909975952675, -0.6255063512416196, 0.7364354379813286, -0.7972973140137571, 0.5682018734059753, 0.20362618722646741, -0.5458134688928113, -0.5346853613241491, -0.6451350413369747], "cam_t_m2c": [-520.4915196790413, 282.7172353373263, 1868.7248171069145], "obj_id": 18}, {"cam_R_m2c": [-0.568804723401118, -0.7234875737356473, 0.39118655049309126, -0.4314490075648385, -0.14245718818080122, -0.8908185580728186, 0.7002234932561843, -0.6754788525081492, -0.23111767415405626], "cam_t_m2c": [-350.2846345836183, 277.30807123752, 1842.6200673518426], "obj_id": 20}, {"cam_R_m2c": [-0.8042014553090263, 0.5895633202357661, 0.07533333068053966, -0.32322239504501304, -0.32744573477303807, -0.8878663041924223, -0.49878582840755364, -0.7383727935206744, 0.4538924048365051], "cam_t_m2c": [-8.06551907372368, 450.76915604465404, 1802.9894611575016], "obj_id": 19}, {"cam_R_m2c": [0.32025643446190444, -0.37374872786163976, -0.870487050223927, -0.3963916477490829, 0.7817066785596171, -0.48146477575214014, 0.8604123882072567, 0.4992459885838818, 0.10219571958936208], "cam_t_m2c": [-465.8259445684499, 272.7530399228486, 1871.6516459410088], "obj_id": 18}, {"cam_R_m2c": [-0.37898744590045025, -0.8290910824712535, -0.4110675039655879, 0.016305244204759047, -0.45011803636102066, 0.892820190382096, -0.9252581557928993, 0.3316650875644648, 0.18410761752187102], "cam_t_m2c": [402.4520921552713, 133.77527986135541, 1920.820282374331], "obj_id": 8}, {"cam_R_m2c": [-0.827173733507694, -0.3982902137978961, 0.39641962639073314, -0.5474214926692458, 0.41176942748683854, -0.7285435113642398, 0.1269382682988743, -0.8196406799201632, -0.5586374780314111], "cam_t_m2c": [382.0042586222848, 315.5682534245999, 1868.4576801927142], "obj_id": 18}], "1": [{"cam_R_m2c": [-0.30199892614951823, 0.9523142616357252, 0.0435223585038962, -0.872515660306673, -0.29450975413902414, 0.38984667144479046, 0.38407430417062366, 0.07975933677116, 0.9198507363011003], "cam_t_m2c": [240.6026985578764, -660.5191260440891, 1602.1711291688946], "obj_id": 20}, {"cam_R_m2c": [-0.27926029757160514, 0.43493574559628956, 0.8560634225352811, -0.29712730651276037, -0.8869175321386962, 0.3536844001500178, 0.9130876463542212, -0.1555898081096745, 0.3769121405416706], "cam_t_m2c": [56.934537882512714, 123.89582957977144, 2094.4647663248174], "obj_id": 18}, {"cam_R_m2c": [-0.825079219320857, -0.5037393893305925, 0.2559119174281014, 0.5625558482506396, -0.7746221768756707, 0.28894878558561415, 0.05268016176786919, 0.38237038422090136, 0.9225062004273314], "cam_t_m2c": [187.50614174934344, -205.8123528175104, 1496.2168860549787], "obj_id": 19}, {"cam_R_m2c": [-0.05695553833385317, -0.3045776086888158, 0.9507831229773189, -0.9983111648514347, 0.02828727057622057, -0.05074099384442012, -0.011440488891335903, -0.9520673876405756, -0.3056743440414601], "cam_t_m2c": [-2.042677812942363, -482.5362180174246, 1550.6139756800708], "obj_id": 18}, {"cam_R_m2c": [0.8989993644555532, 0.00628512686471729, -0.4379048297162366, -0.4020139685802732, -0.38482361260319115, -0.8308402712010106, -0.1737380550566019, 0.9229687342284807, -0.3434294743638433], "cam_t_m2c": [339.007988969961, -40.01708944364103, 1526.2789774889857], "obj_id": 18}, {"cam_R_m2c": [0.801199039413304, -0.5517621557115152, -0.23160013550898656, -0.5721772308218471, -0.5930738230298976, -0.566459757587196, 0.17519507918957655, 0.5863633378386508, -0.7908759196400372], "cam_t_m2c": [536.7174908236905, 51.803313756330624, 1509.6588989769107], "obj_id": 8}, {"cam_R_m2c": [0.24448204058644468, 0.00024950765908499036, -0.9696537885124856, -0.9595752280344618, 0.14386762855883833, -0.24190388007526262, 0.13944143420554345, 0.9895969094529269, 0.03541247277326029], "cam_t_m2c": [258.7723724229963, -113.23282049402707, 1543.2065817769726], "obj_id": 8}, {"cam_R_m2c": [0.9270511061455172, -0.13240383760146845, 0.3507783778723786, -0.07157905488198697, -0.9808633904125386, -0.18106200112288034, 0.3680389727957825, 0.1427453436607457, -0.918787832617847], "cam_t_m2c": [96.17145958519087, -487.1460713962705, 1565.81413905373], "obj_id": 20}, {"cam_R_m2c": [0.18181551418248457, -0.8193408401750761, -0.5437128896980092, 0.7344620522540869, 0.4808080118942037, -0.4789458732435837, 0.6538414277187354, -0.31225669459523847, 0.6891931108761767], "cam_t_m2c": [365.3637273159316, 164.79248316264432, 1476.4681696343725], "obj_id": 0}, {"cam_R_m2c": [-0.9935906452478357, -0.10060970898006691, -0.0515297597019097, 0.09960854077392087, -0.9947911769167916, 0.02164839332134123, -0.053439388852048325, 0.016376836918392316, 0.9984367936588018], "cam_t_m2c": [-270.9717723631302, 565.0954684427628, 1411.7337279547714], "obj_id": 19}, {"cam_R_m2c": [-0.435665473724159, 0.8937264249120019, 0.10699846923538753, 0.7812050009374313, 0.43448198467211246, -0.4482679461055973, -0.4471178161458705, -0.11170712783611617, -0.8874723522879759], "cam_t_m2c": [360.14198060825396, 50.56027641112552, 1496.6556558312489], "obj_id": 19}, {"cam_R_m2c": [0.17918254332247083, -0.9824341925372788, -0.05212171814240295, 0.982612528424012, 0.17609254046776826, 0.058856063203189694, -0.048643963167708006, -0.06176143234440586, 0.9969048552003879], "cam_t_m2c": [-266.7773450954116, -110.66416502336304, 1543.1144824156358], "obj_id": 19}, {"cam_R_m2c": [-0.8634065809578103, -0.348591598768677, -0.3647094367118052, -0.2272453689497891, 0.9141278530982125, -0.3357526030888332, 0.4504315910875022, -0.2070124765755702, -0.8684798306768158], "cam_t_m2c": [209.02277413589786, 271.8401959157952, 1467.1310051640712], "obj_id": 19}, {"cam_R_m2c": [-0.8329394111915724, -6.795969631862713e-06, 0.553364199454258, -0.5475995549101738, -0.1439564678454102, -0.8242640734786719, 0.07966595725915004, -0.9895840213540679, 0.11990329409442886], "cam_t_m2c": [-144.67098941641703, 357.81113096255905, 1488.9177153025935], "obj_id": 18}, {"cam_R_m2c": [0.9224352395770649, -0.10767274461923014, 0.3708366336442038, 0.10827569621244747, 0.9939343165135723, 0.01926001210820284, -0.37066103436443537, 0.02238648080561925, 0.9284983807638151], "cam_t_m2c": [30.817866434500516, -448.29780411732094, 1526.4311226524642], "obj_id": 19}, {"cam_R_m2c": [0.633257254436687, -0.7736773117631891, 0.020215513008438178, -0.7658975420226829, -0.6302178893357896, -0.1273827581926044, 0.11129332786345258, 0.06518304399173067, -0.9916476016958092], "cam_t_m2c": [-480.0945573441477, -285.6493063843352, 1574.7637690401878], "obj_id": 19}, {"