{"0": [{"cam_R_m2c": [0.9300867326875103, -0.3016254331924291, -0.20966823252498526, -0.18536410029706032, 0.10740351735353275, -0.9767827981599341, 0.317141640280385, 0.9473576845688055, 0.04398405948406787], "cam_t_m2c": [-458.074825613652, 513.1934876807366, 1865.0034608500393], "obj_id": 0}, {"cam_R_m2c": [-0.9530336168295573, -0.3028242706418915, -0.004938248979034457, -0.06462669473456752, 0.2192654800451062, -0.9735224905405492, 0.29588902568438985, -0.9274805175154868, -0.22853790519024816], "cam_t_m2c": [-299.0959793061747, 342.46981007750503, 1853.802868257755], "obj_id": 20}, {"cam_R_m2c": [0.8171452388762747, -0.550503132922778, -0.17093846619190875, -0.22182941486018773, -0.0266107730349095, -0.9747223078709498, 0.5320388794859101, 0.8344088730356901, -0.14386265434325343], "cam_t_m2c": [309.10773642049645, 333.65587283941966, 1844.0414080455353], "obj_id": 20}, {"cam_R_m2c": [-0.13027362614937557, -0.7020686622789329, -0.7000916909775189, -0.4281735939742417, -0.5970333039123329, 0.6783941387148804, -0.8942573207713052, 0.3881376398462184, -0.2228295689120571], "cam_t_m2c": [464.6799917113595, -225.3498998472167, 1893.482246321631], "obj_id": 20}, {"cam_R_m2c": [0.030930167723035584, 0.5875979738099797, -0.8085616525034015, 0.966675952828439, -0.22326041874834035, -0.1252692605691653, -0.25412777681287524, -0.7777425066143179, -0.5749223134106235], "cam_t_m2c": [-372.0082894475039, -308.0577761745479, 1951.6754619081587], "obj_id": 18}, {"cam_R_m2c": [0.6133082205889843, -0.7296744440875934, -0.3023710174660179, -0.7630510938934363, -0.6462313481832312, 0.011750435452079072, -0.20397562272488304, 0.22351789698085617, -0.9531178809902012], "cam_t_m2c": [95.09200705050631, -93.10577055856906, 1921.5101915752223], "obj_id": 19}, {"cam_R_m2c": [0.6117731053757912, 0.7901275631436855, 0.03784311693667472, 0.08909093433445618, -0.11635840194659586, 0.9892034814515405, 0.7860003008639849, -0.6017966070501363, -0.14157814373931146], "cam_t_m2c": [-103.96930874118799, -511.5017691882269, 1924.9853441946354], "obj_id": 20}, {"cam_R_m2c": [-0.6021115467702362, -0.7684313299012485, 0.21673711373955257, 0.6686739339418204, -0.3370018208173268, 0.6628008319492179, -0.43627612278547034, 0.5440064926009658, 0.7167426879259197], "cam_t_m2c": [-229.78879060638553, -99.59777244401904, 1886.9616567568241], "obj_id": 19}, {"cam_R_m2c": [0.5320773347598114, -0.5913948357485039, -0.605925620918026, 0.8329966454556527, 0.2374180000372497, 0.49974921902684494, -0.1516914582121377, -0.7706392421284504, 0.6189546510021253], "cam_t_m2c": [-259.34938611921115, 133.3611137816467, 1867.3981271404023], "obj_id": 19}, {"cam_R_m2c": [0.3605789233122813, -0.6543908009964952, -0.6646469135068046, -0.00234172732580768, -0.7132161997614368, 0.7009402033775678, -0.9327257669733842, -0.2511878420008021, -0.2587031342193064], "cam_t_m2c": [236.09806864120952, -474.9377156269153, 1919.11379459257], "obj_id": 20}, {"cam_R_m2c": [-0.4167030652622455, -0.5593638989148999, 0.7165686177832308, 0.9068929148261594, -0.30998398447971, 0.28540352205989766, 0.062480368430095176, 0.7687795249333869, 0.6364544332503584], "cam_t_m2c": [464.1121528579738, 478.48163616689504, 1857.4337427555547], "obj_id": 0}, {"cam_R_m2c": [-0.5521435993223291, -0.7712148618293493, -0.3168044864280197, -0.7669028574424502, 0.6188586639340867, -0.1699233983897512, 0.3271046514098942, 0.149136149096237, -0.9331457314153865], "cam_t_m2c": [264.67102520509303, 177.05595592091822, 1885.9318155381484], "obj_id": 20}, {"cam_R_m2c": [0.9377805589794993, 0.11753866920944968, 0.32672968099113564, -0.2882384150268032, 0.7881928474221155, 0.543756058702295, -0.1936136340832796, -0.6040999060694258, 0.7730310887564462], "cam_t_m2c": [120.46893850460327, -500.63782230516324, 1959.289233259697], "obj_id": 18}, {"cam_R_m2c": [-0.25231039101775166, 0.6895210352430113, 0.6788963164886631, 0.8155998197749937, -0.22600121684949345, 0.5326540941038058, 0.5207075960339614, 0.6881018761345983, -0.5053507766814838], "cam_t_m2c": [311.8074174657909, -507.49361012941534, 1976.1413364732064], "obj_id": 0}, {"cam_R_m2c": [-0.4559274511499921, -0.6179561600327672, 0.6405156856513566, 0.667652160476207, 0.23841787853864713, 0.7052641404499331, -0.5885327109849748, 0.7491909632868559, 0.3038785096547441], "cam_t_m2c": [477.6895685793818, 18.909076491409994, 1911.4078726486428], "obj_id": 18}, {"cam_R_m2c": [0.8006364140372502, -0.3359349563596313, -0.49611393612075166, 0.2658349932236505, 0.9412378084706602, -0.20833421294432095, 0.536947938719718, 0.03491551232619539, 0.8428925305776794], "cam_t_m2c": [-8.721269288964844, -419.86687568624836, 1944.9981577116118], "obj_id": 20}, {"cam_R_m2c": [0.6598600493263929, 0.22053169630538338, -0.7182969345804295, 0.16167009420447864, 0.8918993404654634, 0.42234860851811395, 0.7337898172793668, -0.39481810673010215, 0.5528753626769528], "cam_t_m2c": [105.79846252185537, -301.0154173056479, 1951.2405436296413], "obj_id": 8}, {"cam_R_m2c": [-0.7632883162043858, -0.20875852936295067, 0.6114007055639462, -0.18948035487568748, 0.977075171296707, 0.0970634058319283, -0.617647262976253, -0.04176105905898678, -0.785345702531194], "cam_t_m2c": [485.18941619620256, -371.0212605538044, 1953.8522754292062], "obj_id": 0}, {"cam_R_m2c": [-0.9349610766593092, 0.3525009453560871, -0.03988569486834297, 0.2804572463161956, 0.8033213678156506, 0.5253746406132764, 0.21723608844020942, 0.480018607487103, -0.8499356554147732], "cam_t_m2c": [-218.51889551693745, 260.10704067541695, 1867.608022816126], "obj_id": 20}, {"cam_R_m2c": [0.3792144521689811, -0.9180705565692382, -0.115511265367619, 0.8097541621192057, 0.3896704207264583, -0.43869711663229316, 0.44776622940637506, 0.07282455884874107, 0.8911801094232764], "cam_t_m2c": [497.96035089597484, -526.7620099360557, 1977.8450079396782], "obj_id": 8}, {"cam_R_m2c": [0.19294783308443242, -0.8789424312201982, -0.43615517457523056, 0.9210832692221884, 0.009036908926386004, 0.3892607679127481, -0.33819631113746385, -0.47684225575947425, 0.8113228200015258], "cam_t_m2c": [-95.31310466430925, 169.43262665744345, 1883.2699801418742], "obj_id": 19}, {"cam_R_m2c": [-0.5098644437339307, 0.6033141426742881, 0.6132293977502041, -0.06620711581339421, 0.6832119580543595, -0.7272125123973042, -0.8577032510324076, -0.4113799528668316, -0.30840179562986053], "cam_t_m2c": [-288.6655216491396, -419.4311354398756, 1912.9824625768563], "obj_id": 20}, {"cam_R_m2c": [0.41087200321014505, -0.2851972701967118, 0.8659368995778077, -0.9111867153479448, -0.1601088578432156, 0.3796102256440998, 0.030380367863243052, -0.9450014130743323, -0.3256522110104724], "cam_t_m2c": [-524.071594602806, -487.31003342911464, 1956.8872912457894], "obj_id": 0}, {"cam_R_m2c": [0.8052620561055432, -0.589676709018335, 0.061922530939701945, -0.5904169610260244, -0.8070632971495528, -0.007526388701485361, 0.05441353810832567, -0.0304993972956512, -0.998052580596401], "cam_t_m2c": [-9.121503330423966, 3.1064098959898407, 1935.261755700367], "obj_id": 19}, {"cam_R_m2c": [0.585370576667547, 0.7961357759043369, 0.153326821845047, 0.298200850870112, -0.3872726222302135, 0.8724082579912198, 0.7539347057353468, -0.46495993633444727, -0.46410636398526334], "cam_t_m2c": [146.4783844583589, -446.7237968804397, 1915.3702907196962], "obj_id": 20}, {"cam_R_m2c": [-0.6049585006994351, -0.7326641796625385, -0.31181470823376967, -0.12317481655774014, 0.4729952551398052, -0.8724124329588602, 0.7866722169985785, -0.4893655979476386, -0.3763882763156836], "cam_t_m2c": [-19.31670737515102, 285.82038030389225, 1849.0150096547077], "obj_id": 19}, {"cam_R_m2c": [-0.9327070664316714, -0.20604235421747855, -0.2959798582622556, 0.10102480029957432, 0.6385814014840955, -0.7628943461600954, 0.3461957798022051, -0.7414582536779315, -0.5747939979679809], "cam_t_m2c": [-527.0098110517849, 28.630795570348916, 1897.6284874899495], "obj_id": 0}, {"cam_R_m2c": [0.4626428147904326, 0.8027156910357174, 0.3763099059124502, 0.25353144836074487, 0.2869459127986488, -0.9237877720668606, -0.849519529272217, 0.5227901706164737, -0.07076020698040457], "cam_t_m2c": [406.4705598704134, 470.0608437054291, 1861.3902020123126], "obj_id": 0}, {"cam_R_m2c": [-0.19905659131884754, 0.7701790266451125, 0.6059709071964665, -0.9300003789325826, -0.34342522422723226, 0.130990116229157, 0.3089915348966282, -0.5374787272817988, 0.7846278411334661], "cam_t_m2c": [-376.37669851033183, 392.1869112481968, 1879.067428719393], "obj_id": 8}, {"cam_R_m2c": [-0.30665760954077337, -0.6170410877387646, -0.7247216062412525, 0.6316355583273516, 0.4376686539915202, -0.6399083299737122, 0.7120376619022571, -0.6539926951850557, 0.25553066876082353], "cam_t_m2c": [362.6187805350537, -349.7322836109804, 1914.2223347508275], "obj_id": 20}, {"cam_R_m2c": [0.764254447644427, 0.5923305851552021, -0.25506786772427564, -0.15638673490192617, 0.5539165591264184, 0.8177527955759394, 0.6256663075493414, -0.5850819800807795, 0.5159658401312317], "cam_t_m2c": [509.4493388973641, 399.263582333078, 1861.3862853989517], "obj_id": 0}, {"cam_R_m2c": [-0.24410766011761004, -0.9657545545359361, -0.08791809065829936, 0.19081883064263117, -0.1367239017926771, 0.9720569677497123, -0.9507889482656412, 0.22051012464665176, 0.2176595065331027], "cam_t_m2c": [-308.4887948970644, 425.17963493693344, 1840.7335515597197], "obj_id": 20}, {"cam_R_m2c": [-0.901673003390679, 0.0009507639040825414, -0.43241749618214037, -0.3534021933573411, -0.5778754568457547, 0.7356404326201292, -0.24918403778463274, 0.8161244098930686, 0.5213907008089399], "cam_t_m2c": [126.82171895177902, -349.7211967072511, 1932.3033913666168], "obj_id": 20}, {"cam_R_m2c": [-0.4629707306763699, -0.4397160050646494, -0.7696154477574972, 0.1474914400581991, 0.8179521461427337, -0.5560580560787279, 0.8740162342007988, -0.37095029520203976, -0.31383355595438306], "cam_t_m2c": [-325.6097380211993, -195.5284901171464, 1899.5935704830615], "obj_id": 19}, {"cam_R_m2c": [-0.1317065289155419, 0.9835674031466051, -0.12348503435017076, -0.6883490050274804, -0.0011047846016521772, 0.7253788160186797, 0.7133225340045674, 0.18053792653740994, 0.6771831506785113], "cam_t_m2c": [-530.3135925079814, -45.578325895221816, 1867.8559188304048], "obj_id": 18}, {"cam_R_m2c": [0.8648020665545959, -0.4845866259232151, -0.13150356519598722, -0.1325991649455904, 0.0321955697732826, -0.990646711367229, 0.4842879795520773, 0.8741505861482495, -0.03641298666738204], "cam_t_m2c": [-404.13463800127454, -56.75843187226312, 1918.2068266829185], "obj_id": 18}, {"cam_R_m2c": [-0.1215318748763258, -0.6162385196946452, 0.7781260117960317, 0.11482998588185424, -0.7874021445117848, -0.6056500121032078, 0.9859229573001221, 0.015746417459069628, 0.16645711942054775], "cam_t_m2c": [-403.72045152167294, 415.5972742638568, 1835.8480829980238], "obj_id": 19}, {"cam_R_m2c": [-0.7890653811380792, -0.38107052116886675, 0.4818309684790984, -0.5709871333979063, 0.7442841551161812, -0.3464315082913695, -0.22660431986936835, -0.5484763936023865, -0.8048752250364404], "cam_t_m2c": [497.2876907255905, 322.4373393830892, 1872.116412676586], "obj_id": 0}, {"cam_R_m2c": [-0.5612242608275616, 0.82675980632286, -0.03867236361465517, -0.14808256025006933, -0.05433172158788124, 0.9874814526759887, 0.8143088384687601, 0.5599252509739884, 0.15292098911978785], "cam_t_m2c": [499.2972686350716, -0.2923677104359782, 1884.386601990559], "obj_id": 18}, {"cam_R_m2c": [0.7150156200085476, 0.592744955887739, 0.37068326157709675, 0.3833740710315497, 0.11094648880171494, -0.9169052286268559, -0.5846169556252097, 0.7977119115897752, -0.14791457434376923], "cam_t_m2c": [543.6573067480034, 440.27189245147036, 1857.8325373072905], "obj_id": 0}, {"cam_R_m2c": [-0.1745953076281509, 0.488884208873646, 0.854698022033642, -0.9625184923742867, -0.26770589247135596, -0.0434937578698843, 0.20754428537485856, -0.8302564576383028, 0.5173002843205629], "cam_t_m2c": [-322.8141407222129, 17.112305247171932, 1869.702415249032], "obj_id": 19}, {"cam_R_m2c": [0.05791456783341755, 0.987740167938317, 0.1449664218840141, -0.8925315856909497, -0.013825857119285778, 0.45077290759196675, 0.44725079248299515, -0.15549342853028406, 0.8807885798006407], "cam_t_m2c": [526.5136774444088, 82.951965074156, 1861.6316627726526], "obj_id": 18}, {"cam_R_m2c": [-0.9340388266006856, -0.04150911700104598, 0.3547512700586251, 0.15810289595719246, -0.9386672721604588, 0.3064428600323261, 0.320273234430171, 0.34231673254551276, 0.8833143890637127], "cam_t_m2c": [-537.3193358977367, -405.432155055853, 1963.9188895092038], "obj_id": 0}, {"cam_R_m2c": [-0.1946925325873381, 0.14020327107825536, -0.9707923879664934, -0.408688491411863, 0.8881317350280483, 0.2102278245703106, 0.8916661565531265, 0.43768146409806624, -0.11561315341581685], "cam_t_m2c": [515.293726681753, 154.68768997085218, 1827.5715636982193], "obj_id": 19}, {"cam_R_m2c": [0.3788632821497962, -0.8752941786294599, -0.30053737587205864, -0.621952652306124, -0.0003402234323274063, -0.7830547762049561, 0.6853010373026308, 0.48359072065683323, -0.5445204341129386], "cam_t_m2c": [-497.8823252130213, 291.01099458570786, 1841.942325105623], "obj_id": 18}, {"cam_R_m2c": [0.011990980508272985, -0.9999270473138652, -0.0014547977950530864, 0.9056268460009105, 0.010243337059970327, 0.4239517541517173, -0.4239059237482918, -0.006401101159184415, 0.905683605744885], "cam_t_m2c": [373.5716466556543, 32.43294645061717, 1911.0695403838604], "obj_id": 20}, {"cam_R_m2c": [-0.2738178197729793, 0.955137222492591, -0.11285693502798018, -0.9542206041427713, -0.2551038527809926, 0.15615717378877284, 0.12036129030620948, 0.1504490295928528, 0.9812635982703078], "cam_t_m2c": [-501.2440499585516, 488.9432300595928, 1836.1428109448354], "obj_id": 18}, {"cam_R_m2c": [-0.12252171438857101, 0.12638090366292473, -0.984386253811291, -0.8829447667193426, 0.439050114910733, 0.16626345214687996, 0.45320742318083346, 0.8895295744303358, 0.05779418472107865], "cam_t_m2c": [240.20971296543723, 268.2929004591342, 1895.350631957001], "obj_id": 18}, {"cam_R_m2c": [0.058905575552342736, -0.358843071508749, 0.9315373224938518, 0.47018137021386625, 0.8331430085536922, 0.2912081839542187, -0.880601846621195, 0.4208377090141396, 0.2177980954900014], "cam_t_m2c": [-503.4219844835021, -153.2325970531403, 1895.0095551142356], "obj_id": 20}, {"cam_R_m2c": [0.6323433551966445, -0.16268202832044018, -0.7574143111931522, 0.7241632168020923, 0.4714354186816084, 0.5033252243265202, 0.2751899645145069, -0.8667659451513098, 0.4159173953520822], "cam_t_m2c": [344.64069475692, -247.11022572272458, 1924.8070769986045], "obj_id": 18}, {"cam_R_m2c": [0.07536016411320973, 0.2627128450491762, 0.9619266119153773, -0.3862059732527247, -0.88168812558598, 0.27105533646212565, 0.9193289900186686, -0.3919285779920215, 0.03501710816738166], "cam_t_m2c": [451.95528969858, -299.4278092543858, 1922.7053212577587], "obj_id": 18}, {"cam_R_m2c": [-0.5925642223224818, -0.6560305692244212, 0.4674307806150913, -0.6139139992928722, -0.007888810293228332, -0.789333496150004, 0.5215143755406779, -0.7546930892192129, -0.39807172367448734], "cam_t_m2c": [-150.8187028277249, 344.17952347324524, 1844.0166594263992], "obj_id": 20}, {"cam_R_m2c": [0.5297397653078598, 0.5994677514574046, 0.6000118298951927, 0.36042632367392013, 0.48126805275428114, -0.7990456348676248, -0.7677686150491413, 0.639546305095031, 0.038882867497360044], "cam_t_m2c": [-124.03310746846515, -87.73684697065949, 1919.491431849906], "obj_id": 0}, {"cam_R_m2c": [-0.007829272967201126, -0.8723675146885577, 0.48878791085798673, -0.8130115139910229, 0.2901405183506833, 0.504807644285645, -0.5821949678611371, -0.3934379225841186, -0.7115164231905425], "cam_t_m2c": [257.1884331573772, -283.0262218074805, 1905.430493732454], "obj_id": 20}, {"cam_R_m2c": [0.8709867320181486, 0.4860638978882392, 0.07158211940168323, -0.36477650538495354, 0.7373751260477655, -0.568520909558463, -0.32912036364753605, 0.4690626937369165, 0.8195486413732747], "cam_t_m2c": [132.89078095214018, -236.05343520688928, 1897.9120159240385], "obj_id": 19}, {"cam_R_m2c": [0.6670175063141593, 0.09128330801238727, -0.7394288362978254, 0.5927787648055435, 0.5361952775077523, 0.600922590999871, 0.4513324520417897, -0.8391436003788028, 0.30354083032970275], "cam_t_m2c": [73.41263627036557, 442.6474961558925, 1849.2311132851867], "obj_id": 18}, {"cam_R_m2c": [0.28279097371235745, -0.9561732031274077, 0.07590830526292827, 0.3336725486147499, 0.02387078258185507, -0.9423867656328093, 0.8992729816289123, 0.291826988745049, 0.32579919145424974], "cam_t_m2c": [206.82702070482836, 497.57350238443996, 1886.0525748948357], "obj_id": 0}, {"cam_R_m2c": [-0.5181612851422159, -0.41645766604106715, -0.7470420971909104, -0.18836428523240178, -0.7964316363553805, 0.5746438415759594, -0.8342827929597091, 0.43847424212593955, 0.33423428962844215], "cam_t_m2c": [16.22397782104557, -496.54864425615125, 1937.859696829602], "obj_id": 20}, {"cam_R_m2c": [0.13277444447853662, 0.825766870675056, -0.5481605806594829, -0.6548215262041525, 0.48825007764115785, 0.5769060846472918, 0.7440293782594076, 0.28234896312706514, 0.6055570553696741], "cam_t_m2c": [433.4762317865031, -407.8233178168562, 1973.3565368367858], "obj_id": 0}, {"cam_R_m2c": [-0.977636229371114, 0.10508150852477798, 0.18216827272384084, 0.20735612578764645, 0.6261519249854784, 0.751623046437054, -0.03508333107571765, 0.7725876283005942, -0.633938101455887], "cam_t_m2c": [-5.352569533385794, -311.54353946882014, 1903.3701042483237], "obj_id": 19}, {"cam_R_m2c": [-0.2297763071366829, -0.9000570033924682, -0.37027049480454, 0.8416913590879715, 0.007235298966290919, -0.5399104615447934, 0.48862920984655844, -0.43571210804043353, 0.7559077021645491], "cam_t_m2c": [-384.36794651043016, 523.2893718941506, 1849.816505898456], "obj_id": 0}, {"cam_R_m2c": [0.4933373537246216, -0.7660280513882437, 0.4120913489826227, 0.007865601966943338, -0.4698083757618237, -0.8827333812481176, 0.8698024992638759, 0.43872669687445187, -0.22574874910826753], "cam_t_m2c": [336.5345587964796, -427.02171890035135, 1984.2535449913246], "obj_id": 0}, {"cam_R_m2c": [0.5937947294204399, -0.38868870769715685, 0.704506144629854, -0.5298835920563462, -0.8478069477892566, -0.02113665417534709, 0.6055007829738704, -0.36075541269533096, -0.7093830657895992], "cam_t_m2c": [-230.9856968280867, 497.50759685101895, 1819.5087388883703], "obj_id": 18}, {"cam_R_m2c": [0.6787751475454514, 0.5707611021344797, -0.4620563421974481, 0.5147928430175718, 0.07887535430919303, 0.8536785151686116, 0.523691347887796, -0.8173190581240805, -0.240285100192729], "cam_t_m2c": [461.31096662570525, -128.4123545781418, 1890.3638935289769], "obj_id": 20}, {"cam_R_m2c": [0.7646049599536002, -0.6371073474102681, 0.09733181951554269, 0.5364621535232551, 0.712833085345825, 0.45174921170218296, -0.35719408316984436, -0.2931948504189731, 0.8868196922916464], "cam_t_m2c": [312.5953759962755, -161.28932817612625, 1924.7880050612785], "obj_id": 20}, {"cam_R_m2c": [0.8733935386879215, -0.1828412595523242, -0.4513898540989935, -0.35715713283214867, -0.8705793180030548, -0.33842345298819854, -0.33109290092859095, 0.4567939632598664, -0.8256614112843316], "cam_t_m2c": [-163.1710196285824, 39.547989791517715, 1884.8841533705113], "obj_id": 19}, {"cam_R_m2c": [0.836523420074656, 0.4328364749752114, 0.3359779064129571, -0.16378500187787443, -0.38761488225599106, 0.9071544390088924, 0.5228795662735973, -0.8138840758883952, -0.25335680410998934], "cam_t_m2c": [176.0238697390273, 390.54582516439007, 1868.1988254254827], "obj_id": 18}, {"cam_R_m2c": [-0.2709049748168792, -0.6340453557788553, 0.7242906746843636, -0.8850253094123187, -0.1318804112619826, -0.44647257342976776, 0.3786036137163709, -0.7619672197284045, -0.5254191276878581], "cam_t_m2c": [-195.33301639329233, 432.4813446842468, 1851.6111713738358], "obj_id": 18}, {"cam_R_m2c": [0.9061367975440376, -0.4034321040451706, -0.12711664549665544, 0.22381117492232433, 0.20228787741332985, 0.9534087122695587, -0.3589215264044837, -0.8923688430673138, 0.2735931026290306], "cam_t_m2c": [-99.32339348511697, -385.5820188361794, 1906.863017503677], "obj_id": 19}, {"cam_R_m2c": [0.9928105271539827, -0.11678879106075506, -0.026222804098687658, 0.10932626885759274, 0.7955702176397368, 0.5959159300961324, -0.04873421908585557, -0.5944984500292902, 0.8026185699339771], "cam_t_m2c": [-4.052260096258928, 492.0585897950992, 1846.6723328865874], "obj_id": 18}, {"cam_R_m2c": [-0.8365372480560312, 0.5469355180838819, 0.03266453234255757, 0.46341527748102246, 0.6744673108459102, 0.5747522311374471, 0.2923212500179025, 0.4959388930690981, -0.8176753029958579], "cam_t_m2c": [-105.18310400842164, 272.4094691780783, 1898.4979082163925], "obj_id": 8}, {"cam_R_m2c": [-0.011165433067644842, 0.5133676037567997, 0.8580961697370599, -0.9926155194980686, -0.10935107691514198, 0.05250497527928196, 0.12078809360194112, -0.8511733345156552, 0.510797602826705], "cam_t_m2c": [-31.06279954458227, 409.97810047707867, 1874.4899476433711], "obj_id": 18}, {"cam_R_m2c": [0.4667056170834917, -0.3561829595006433, -0.8095181074837547, 0.20668413271935765, 0.9338967816669904, -0.291750699183539, 0.8599229827518061, -0.03115285786890193, 0.5094722398539843], "cam_t_m2c": [14.001325301491402, 483.10722602657165, 1815.0865292615435], "obj_id": 18}, {"cam_R_m2c": [-0.9998284329079297, 0.001591798975402541, 0.018454563795851184, 0.014316635661921678, -0.5657620731363399, 0.8244442434414799, 0.011753241773954226, 0.8245670032062236, 0.5656422177766702], "cam_t_m2c": [16.79792709987223, 215.3837555157107, 1904.7056818834733], "obj_id": 8}, {"cam_R_m2c": [0.004042473585301564, -0.9645354533781954, -0.26392237037400107, -0.9999259551449924, -0.006928213307186121, 0.010004203503760942, -0.011477919440676894, 0.2638623865519476, -0.9644920416096878], "cam_t_m2c": [292.0465497974875, 34.04120063409066, 1907.8742696685865], "obj_id": 20}, {"cam_R_m2c": [0.13245448322330647, -0.9897283211772424, 0.05379275168388727, 0.38572954027579776, 0.10146260389364814, 0.9170158459752715, -0.9130545063864858, -0.10071340660904177, 0.3952066270908588], "cam_t_m2c": [-246.4011747409425, 1.59455152600713, 1889.9077998023542], "obj_id": 18}, {"cam_R_m2c": [-0.1336951776741997, -0.9505946982050304, -0.2801701611720132, 0.90194945940234, -0.23385351441503124, 0.3630422929626326, -0.4106248557387769, -0.20416232154887567, 0.8886534613162107], "cam_t_m2c": [-240.7124136321114, -204.20546899290125, 1932.822735592016], "obj_id": 0}, {"cam_R_m2c": [0.5179149089306709, 0.674227975870858, -0.5264796137177781, -0.16401070602500828, -0.5257718941562862, -0.834664246044174, -0.8395621688812053, 0.5186333501312818, -0.16172449633586772], "cam_t_m2c": [247.73970465497823, 419.5294351279896, 1824.6545365921024], "obj_id": 20}, {"cam_R_m2c": [-0.12631662976047053, -0.07067421556847592, 0.9894691830975519, -0.2507231699070859, 0.967348166242612, 0.037086619403746926, -0.9597822675574386, -0.2433981933393024, -0.13991182352276318], "cam_t_m2c": [387.62688189395726, 502.85452183396274, 1835.0269020592107], "obj_id": 18}, {"cam_R_m2c": [0.292746963078531, 0.49750759266871447, 0.816569293351934, 0.49488396737934104, -0.809541079598918, 0.3158054769517156, 0.8181620098972937, 0.31165595723296846, -0.4831992238011374], "cam_t_m2c": [462.887358284971, 315.6319512326944, 1897.5006216307313], "obj_id": 0}, {"cam_R_m2c": [-0.4877582841698313, -0.3540689726040927, -0.7979517647469578, -0.33591063055840925, -0.767557282094949, 0.5459119590015105, -0.8057641742479954, 0.5343135608817141, 0.2554468910680826], "cam_t_m2c": [-343.3164891478091, 213.03315819775295, 1828.6805918222262], "obj_id": 19}, {"cam_R_m2c": [-0.19351334721844976, 0.8985008142415598, 0.3940163337421004, 0.976692123072771, 0.1384095811970735, 0.1640587838564399, 0.09287131514044086, 0.4165802139325692, -0.9043427691887517], "cam_t_m2c": [-511.707239659449, -256.30950520487806, 1909.4118780167844], "obj_id": 18}, {"cam_R_m2c": [0.52458446129573, 0.03691817271480861, -0.850557576822679, -0.8241731600473742, -0.22842884119669296, -0.5182266557859218, -0.21342386282839407, 0.9728603769467304, -0.08940325353403653], "cam_t_m2c": [446.55579048552676, 184.75250101507825, 1872.1310339180395], "obj_id": 20}, {"cam_R_m2c": [0.21247423124304002, -0.9073876692084063, -0.3626324845159567, -0.5191895897487058, 0.20955950696784323, -0.828569238468316, 0.8278265947372372, 0.3643246228405798, -0.42658023657668376], "cam_t_m2c": [-355.5159611583886, -476.2746897206498, 1984.3976343790748], "obj_id": 0}, {"cam_R_m2c": [-0.8416831621455897, -0.13193891651868764, 0.5236044087557665, -0.3511356770366258, 0.8704006889469993, -0.3451179175189539, -0.41021115400806885, -0.47433612869827213, -0.7789300649858782], "cam_t_m2c": [380.03074488845465, -489.46481992388897, 1957.8367278279209], "obj_id": 0}, {"cam_R_m2c": [0.8821610828580344, 0.3332489924826078, -0.3327715926879385, 0.436935589342533, -0.31549350330439396, 0.8423485858827174, 0.17572454198726445, -0.8884868926337895, -0.4239244354378726], "cam_t_m2c": [494.86392788585164, 257.5454118631556, 1900.6074951637631], "obj_id": 8}, {"cam_R_m2c": [0.8533669923716339, -0.10653430179871626, -0.5103089445334577, -0.4195434084555986, -0.7213876721921996, -0.5509838063233602, -0.3094319064867911, 0.6842881476025866, -0.6603041922467023], "cam_t_m2c": [-253.6907572310043, -467.11940332031077, 1967.767307975716], "obj_id": 18}, {"cam_R_m2c": [-0.012341420797727367, -0.12859220783434006, 0.9916207608844134, -0.18497603936502488, 0.9748735883447018, 0.12411829683311416, -0.9826655352628999, -0.1818942847706165, -0.035817802476752786], "cam_t_m2c": [437.31471161741365, 400.3704425609577, 1887.8374578889602], "obj_id": 0}, {"cam_R_m2c": [0.47940388785674937, -0.24373561579103187, -0.8430687171890558, -0.6689487220794352, -0.7233052926865554, -0.17128064922782976, -0.5680488707286759, 0.6460823501432174, -0.5098019981299534], "cam_t_m2c": [453.6526274200301, -473.3873764767966, 1952.106873300242], "obj_id": 0}, {"cam_R_m2c": [-0.03549606347874131, 0.9812876905120259, -0.18924718736902654, 0.825063399828575, -0.07808094902400653, -0.5596192917178812, -0.563924122325713, -0.17600520972143072, -0.8068529918207463], "cam_t_m2c": [-408.44708929973285, 50.25295832083878, 1886.0449335801388], "obj_id": 20}, {"cam_R_m2c": [0.0075031869376909095, -0.08430444652071128, -0.9964117936288263, -0.9985569573326347, -0.05362002170702532, -0.0029826556503669125, -0.05317617086974762, 0.9949963083192692, -0.08458511265380418], "cam_t_m2c": [66.90862783690753, 342.1099914633521, 1904.2796524168139], "obj_id": 18}, {"cam_R_m2c": [-0.7829130045929367, 0.17390471162232166, -0.597331045999467, -0.2399221597205365, -0.9702651382227507, 0.03198310217317831, -0.5740074777511988, 0.16835294124292527, 0.8013567886157592], "cam_t_m2c": [374.04233329103306, 139.26890260533824, 1888.0215581401926], "obj_id": 20}, {"cam_R_m2c": [0.8994917055063884, -0.10326624688508165, 0.42455948226306095, 0.2813058594481306, 0.8803719799084134, -0.3818536243540031, -0.33433768134231817, 0.46290523786884163, 0.8209366940198453], "cam_t_m2c": [-408.0349376376493, -409.91501961587045, 1955.997190511922], "obj_id": 18}, {"cam_R_m2c": [0.310610134403852, -0.922746543390682, 0.2281669587520733, -0.9053881239860694, -0.21410616603505378, 0.3666481891551575, -0.2894713964290897, -0.32046429805255877, -0.9019473068439606], "cam_t_m2c": [-73.19356129833322, -177.51040817553357, 1923.461968996502], "obj_id": 19}, {"cam_R_m2c": [0.1807177798209046, -0.6879835158008161, 0.7028653968171656, -0.32116009013316366, 0.6341807664287151, 0.7033284808661922, -0.9296221170789031, -0.3528362757402306, -0.10634510783060391], "cam_t_m2c": [313.63918561272214, 468.2012351322809, 1874.3952221743648], "obj_id": 0}, {"cam_R_m2c": [0.33452034759460475, 0.9106159518660066, 0.24264114501121137, 0.4895528134062801, -0.38792550668906917, 0.7809301147644551, 0.8052541089191542, -0.14245135824974026, -0.5755635765070819], "cam_t_m2c": [-182.5364143833012, -267.24177055006334, 1913.0931210645751], "obj_id": 19}, {"cam_R_m2c": [0.4066713819000166, -0.7710264864373656, 0.49003728873992963, 0.817097881453017, 0.5468884542361824, 0.18238440379634832, -0.4086189413971422, 0.3262379129335051, 0.8524079920415274], "cam_t_m2c": [68.58922854890005, 81.60654353229393, 1881.9825447368653], "obj_id": 19}, {"cam_R_m2c": [-0.8135068495711547, -0.2741360040762737, 0.5128899072607178, 0.1917139460805, 0.7062136901227679, 0.6815482277589943, -0.5490467817764326, 0.652772299620837, -0.5219539790715902], "cam_t_m2c": [-253.13902446431848, -329.6438294066744, 1910.915527211115], "obj_id": 20}, {"cam_R_m2c": [-0.9111460385044778, -0.3997593407769525, -0.10002682629761361, 0.0797347403231862, -0.4091736370135517, 0.9089660642503089, -0.40429601494844164, 0.8202252155564826, 0.40469164565398513], "cam_t_m2c": [353.3681075019876, 244.9662836822205, 1894.1440554610406], "obj_id": 18}, {"cam_R_m2c": [-0.62102329216784, 0.6547704670782077, -0.43081980691143174, -0.2289873329883232, 0.37411226238878903, 0.898668357327238, 0.7495964727210981, 0.6567462604176191, -0.0823982858532871], "cam_t_m2c": [-440.5072145458959, 458.8325499777918, 1789.5946216603706], "obj_id": 19}, {"cam_R_m2c": [-0.05077679207444294, 0.7648646007107494, 0.6421867796569888, -0.5182403662710997, 0.5294898413568838, -0.6716155378392147, -0.8537263262625935, -0.3669095944227231, 0.3694979152400293], "cam_t_m2c": [-425.54278604009863, 312.14867239700413, 1849.7274073659653], "obj_id": 20}, {"cam_R_m2c": [-0.3737616463858562, 0.89927478642402, -0.22717193971299998, 0.4923917094035659, 0.3999353628022466, 0.7730472883924172, 0.7860360272923678, 0.17707784751986366, -0.5922759489597424], "cam_t_m2c": [252.37456060616634, -107.48510427894098, 1883.2138546612605], "obj_id": 19}, {"cam_R_m2c": [0.7748559809264601, -0.6209593408381658, -0.11835415433487954, 0.16610150135999724, 0.3806512774515125, -0.9096784575994347, 0.6099249954448895, 0.6852109908636627, 0.3980921977773354], "cam_t_m2c": [-135.1499199635224, -460.0342487903877, 1889.0559176246215], "obj_id": 19}, {"cam_R_m2c": [0.9415314641004432, 0.12575900368085102, 0.3125750711462368, 0.3307543788542151, -0.16825355050178248, -0.928596943572563, -0.06418756092606745, 0.9776888133433578, -0.2000113528918259], "cam_t_m2c": [268.81466712057943, -383.05669441696676, 1899.8353577380042], "obj_id": 19}, {"cam_R_m2c": [-0.8080132304285256, 0.5362748073674921, 0.24397530701982467, -0.2132252478184973, -0.6522105832134497, 0.7274313361665913, 0.5492263769568965, 0.5357524485500103, 0.6413421089617224], "cam_t_m2c": [110.49928483984284, 221.47694731871871, 1846.7985249040084], "obj_id": 19}, {"cam_R_m2c": [0.08413875606285182, 0.07509027229418627, -0.993620712714354, -0.9642944828091754, -0.24515236055935863, -0.1001821867197897, -0.2511111709024122, 0.9665721758456317, 0.051782320622586295], "cam_t_m2c": [-506.18557560975995, 150.1644764452645, 1876.50279689465], "obj_id": 20}, {"cam_R_m2c": [0.05938537723769096, -0.04660884458568041, -0.9971464248427734, -0.460898498833401, 0.8847815327415745, -0.0688056181760438, 0.8854636925043592, 0.46366933791858383, 0.03106113859290139], "cam_t_m2c": [-306.08968360844904, 512.0499696028483, 1890.0749675450843], "obj_id": 0}, {"cam_R_m2c": [0.0994106122369999, -0.30167234775137525, 0.94821480940599, -0.635360991211916, -0.7526250922311647, -0.17283483847373435, 0.7657897498797406, -0.585277084077451, -0.26648976309216815], "cam_t_m2c": [-477.54007523880193, 17.73921106432719, 1867.347342988768], "obj_id": 19}, {"cam_R_m2c": [-0.1181837084314734, -0.3076942793402613, 0.9441169638994215, 0.6123559445352732, 0.7258857138935704, 0.3132253622514224, -0.7816986684482055, 0.6151537700660693, 0.10263055548813609], "cam_t_m2c": [395.72932253378497, 338.40931809297564, 1803.0558693603987], "obj_id": 19}, {"cam_R_m2c": [-0.5773779533302331, 0.6883040159721128, -0.43917226757259203, -0.5368983701469161, -0.7253058701158914, -0.4308961996920071, -0.6151218083776379, -0.01299909120249633, 0.7883249231669216], "cam_t_m2c": [405.94089890824796, -96.46969603758104, 1909.6046038863255], "obj_id": 20}, {"cam_R_m2c": [-0.9914099225064615, -0.10458736970280774, 0.07853564575643147, -0.12892326979122154, 0.8825817292277641, -0.45213745889902696, -0.022026258467369865, -0.458378635335437, -0.8884840294602661], "cam_t_m2c": [248.9117162595869, -531.0312933204856, 1975.2899925837514], "obj_id": 8}, {"cam_R_m2c": [0.3938601427906383, -0.7210838864643471, -0.570010716217169, -0.47338233941262725, -0.6906991180648233, 0.5466661586715452, -0.7878980572721104, 0.05452299501996639, -0.6133872303536213], "cam_t_m2c": [-453.0479470586782, -465.57701861546303, 1967.8606925017405], "obj_id": 0}, {"cam_R_m2c": [-0.8189929582648786, 0.17783430240738526, -0.5455506348633656, 0.23562620940713047, 0.9711328648167491, -0.03716514917555073, 0.523192912559956, -0.15898402360014827, -0.8372534004033293], "cam_t_m2c": [177.77753218030261, 31.764554902385065, 1904.3862981913876], "obj_id": 19}, {"cam_R_m2c": [0.3755118590531248, 0.23647848710420066, -0.896141042943227, -0.7789014847556752, 0.6045427793332702, -0.16685474222032157, 0.5022980397690908, 0.7606615233419614, 0.41120642766281695], "cam_t_m2c": [-482.7577198674798, 382.02528998471314, 1876.1687776063432], "obj_id": 0}, {"cam_R_m2c": [0.6204724085355667, -0.7046488318177242, 0.3442150694899767, 0.7364656815822374, 0.6743931518034357, 0.053029959949435365, -0.2695037849412945, 0.22059895878844213, 0.9373920254001376], "cam_t_m2c": [456.21428270672857, -513.195225866875, 1952.4360933806354], "obj_id": 18}, {"cam_R_m2c": [0.5077526264557981, -0.8611419324082008, 0.024936771553430995, -0.5920141367884302, -0.3277466724186918, 0.7362753428990572, -0.6258646276711025, -0.38860866043713443, -0.6762224314997007], "cam_t_m2c": [-489.09928931693264, -347.37375021445024, 1936.3196213936556], "obj_id": 18}, {"cam_R_m2c": [0.2582610127744117, -0.29462670934144836, 0.9200523634138249, -0.6834210293382682, -0.7288406448110966, -0.04155732341677954, 0.6828154552578295, -0.6180504968155711, -0.3895852120487484], "cam_t_m2c": [-416.1181293846022, -197.19137648774637, 1893.8919692471566], "obj_id": 20}, {"cam_R_m2c": [-0.1387689113750409, 0.41890536512305643, 0.897363629922065, -0.8760969156979261, 0.3705495979468474, -0.30845938106339105, -0.46173302192973653, -0.8289820809478018, 0.31558093403608034], "cam_t_m2c": [-431.11749336835936, 185.3841788411892, 1847.1563355720618], "obj_id": 19}, {"cam_R_m2c": [0.6327708597006105, -0.7707796113207547, 0.07416083795357517, 0.13556064777870405, 0.01597358637789555, -0.9906402754340476, 0.7623807119068321, 0.6369015899732499, 0.11459500339010231], "cam_t_m2c": [-456.454298117064, -302.45965111633217, 1932.6857706511764], "obj_id": 18}, {"cam_R_m2c": [-0.3307259112346744, 0.1023041626567802, -0.9381653531979796, -0.35552895559893705, -0.9343712482183734, 0.023442103863942392, -0.8741965072961133, 0.3412978593632459, 0.3453928746012905], "cam_t_m2c": [45.36093226450147, 419.397936783622, 1880.3195696663984], "obj_id": 8}, {"cam_R_m2c": [0.15539612824963317, -0.6728806534118784, 0.7232452347503071, -0.9798273386445893, -0.19812092836524653, 0.026200843275626086, 0.12565997680122604, -0.7127269631546823, -0.6900940850511752], "cam_t_m2c": [-133.7329650166555, 478.98441558979266, 1856.1644720570393], "obj_id": 18}], "1": [{"cam_R_m2c": [0.6407307804653418, 0.7421230734177201, -0.19676740295412518, -0.6737436830765163, 0.6663774079468816, 0.3193909824846124, 0.36814876949239533, -0.07207283870524475, 0.9269692494587956], "cam_t_m2c": [694.4695519160692, -129.7064789024467, 1532.1887665974252], "obj_id": 20}, {"cam_R_m2c": [0.22638823255737006, 0.9578728534845606, 0.17671435911350258, -0.31076155831698543, -0.10091396702721755, 0.945115667593776, 0.9231335883998314, -0.2688790951639332, 0.27482432598275514], "cam_t_m2c": [-7.179510435812104, 162.0661516239985, 2092.502220311385], "obj_id": 18}, {"cam_R_m2c": [-0.890448268256839, 0.4550742458925916, -0.0030516034614208264, -0.40795758559620726, -0.7952471127743101, 0.4485004325289294, 0.20167421727357668, 0.40061135823814675, 0.8937774050274919], "cam_t_m2c": [266.0402420591308, 50.39341742581772, 1462.7902839414796], "obj_id": 19}, {"cam_R_m2c": [0.8227107946878175, -0.29620335481503135, 0.4851912209639207, -0.5647723893138582, -0.3288397874887694, 0.7568992947764295, -0.06464593237671738, -0.8967318254420666, -0.4378275193115243], "cam_t_m2c": [413.55167286347836, -249.12047202347313, 1526.0018630811328], "obj_id": 18}, {"cam_R_m2c": [0.7755541574386374, 0.44664330379291456, 0.44612274998770846, 0.5431186323527389, -0.11187482446148635, -0.8321695589499787, -0.32177305678216056, 0.8876901389723003, -0.3293452855293402], "cam_t_m2c": [204.59288813862443, 267.6880559555194, 1481.548513396067], "obj_id": 18}, {"cam_R_m2c": [0.914937356209056, 0.3010911378747192, 0.26876339205049804, 0.40273938048107905, -0.724475147176602, -0.5594075013200641, 0.02627975690335581, 0.6200644223117043, -0.7841106341329346], "cam_t_m2c": [223.86153299118888, 482.0549003024207, 1443.183999231284], "obj_id": 8}, {"cam_R_m2c": [0.9604966543886618, 0.0002069427082426576, -0.2782914552818733, -0.2746603158309941, 0.16172113714707737, -0.9478438609325243, 0.044809461230927015, 0.986836476309308, 0.1553894501233026], "cam_t_m2c": [228.75374997113005, 163.03476948274212, 1504.9746442930393], "obj_id": 8}, {"cam_R_m2c": [0.5747477255237643, 0.7888909389661216, 0.21752273081774828, 0.7853296936911768, -0.6064519703094711, 0.12439163924751019, 0.23004852577702356, 0.09933324783229146, -0.968096370028783], "cam_t_m2c": [468.94486607238724, -166.48378544853844, 1527.0433416725034], "obj_id": 20}, {"cam_R_m2c": [-0.45444685429073495, -0.8630689136426404, 0.22043163776774072, 0.5916173229948126, -0.4774376117630992, -0.6496478045883015, 0.6659331796492103, -0.16481922575252272, 0.7275765410351214], "cam_t_m2c": [36.730467465132314, 391.45478598177635, 1441.2160597352388], "obj_id": 0}, {"cam_R_m2c": [-0.5931750762599431, 0.8011298409186515, 0.0795883590336378, -0.7998135755324559, -0.5976950120748074, 0.05530747630189488, 0.09187803490497336, -0.030848833536333182, 0.9952923068985556], "cam_t_m2c": [-634.4412717390676, 50.208026810950855, 1490.562204109078], "obj_id": 19}, {"cam_R_m2c": [-0.9428350869996494, 0.06596785134884522, 0.3266653353369167, -0.007410388389598295, 0.9758203462028037, -0.2184484792360791, -0.333177257426552, -0.2083816079337547, -0.919548813608426], "cam_t_m2c": [134.19493556304792, 329.82955051237315, 1454.8837628590602], "obj_id": 19}, {"cam_R_m2c": [-0.7550822377604924, -0.6539207823048985, 0.047311993071067995, 0.6555061458789555, -0.7515681717853308, 0.07387134677378529, -0.012747820736287304, 0.08679224406019877, 0.9961448687000652], "cam_t_m2c": [-38.68163819886525, -283.4008781347939, 1578.3411063010485], "obj_id": 19}, {"cam_R_m2c": [-0.18561491015996498, -0.9826090410007599, -0.005155353516046532, -0.8131648969110461, 0.15654806415564645, -0.560585010538783, 0.5516429602178894, -0.0998607838577633, -0.8280808343932115], "cam_t_m2c": [-134.78358475970663, 312.6819736101447, 1460.3645063497036], "obj_id": 19}, {"cam_R_m2c": [0.057365916508942114, -6.9543735791726785e-06, 0.9983532198449233, -0.9852379619193449, -0.16155906828668243, 0.05661118129269772, 0.1612926223238518, -0.9868630438951372, -0.009274835735447875], "cam_t_m2c": [-384.02133771159424, 57.63661628247294, 1536.50483072759], "obj_id": 18}, {"cam_R_m2c": [0.32695712981868846, -0.9006942240000617, 0.28609255515244014, 0.8090877912570912, 0.4232200447412123, 0.4077520567305185, -0.48834002631306694, 0.09815655139710798, 0.8671155114045531], "cam_t_m2c": [397.8793741229693, -205.58572340799756, 1499.6200615815505], "obj_id": 19}, {"cam_R_m2c": [0.9877391738055059, 0.1560562109189243, -0.00421705627716676, 0.1540421843936611, -0.9786655908297558, -0.13595832726638774, -0.02534422926912326, 0.13364176128543465, -0.9907055817362093], "cam_t_m2c": [7.090072950106035, -552.6620718660532, 1628.