{"0": [{"cam_R_m2c": [-0.9550967914073986, 0.2953977936324572, -0.02302743060718491, 0.026331368111640465, 0.16203251254511825, 0.9864340443900368, 0.2951216327154988, 0.9415336469799643, -0.16253496087902417], "cam_t_m2c": [566.0494448677827, -397.8959289570538, 1961.1271150564446], "obj_id": 0}, {"cam_R_m2c": [0.9048484111283066, 0.3675536660576647, -0.21483401836336302, 0.34253676776824304, -0.3288656016055825, 0.8800658945826061, 0.25281992723174307, -0.8699147766581325, -0.4234741618403266], "cam_t_m2c": [372.2155011833314, -274.5918032636513, 1919.0462903881282], "obj_id": 20}, {"cam_R_m2c": [-0.8588553338425652, 0.5091809071684175, -0.055698467710732655, 0.13122875563721895, 0.32384186089655753, 0.9369660948107787, 0.4951227415743322, 0.7974090875492967, -0.3449524863944522], "cam_t_m2c": [-221.1233073848931, -408.8337978606714, 1922.634681712177], "obj_id": 20}, {"cam_R_m2c": [0.04920544143035001, 0.5354167832899145, 0.8431534218071614, 0.25377924392468015, 0.8097691349475475, -0.5290274505536714, -0.9660097928523609, 0.24000586713199432, -0.09603261870613201], "cam_t_m2c": [-502.8976450709839, 96.96414646536239, 1860.1347685935561], "obj_id": 20}, {"cam_R_m2c": [0.19958713796086067, -0.6044081585412631, 0.7712689234303118, -0.9786270073614645, -0.08315821477561253, 0.1880794826079582, -0.049539426958096065, -0.7923228440503863, -0.6080874575030888], "cam_t_m2c": [290.3329972829189, 381.0115914086696, 1879.538892573891], "obj_id": 18}, {"cam_R_m2c": [-0.768054427308296, 0.5548502667509033, 0.31973986016538, 0.5420040759557342, 0.829152893547539, -0.13688338383132484, -0.34106301227118724, 0.06816641847856272, -0.9375656569287877], "cam_t_m2c": [-113.53023362606247, 62.40232349768487, 1905.6084219540917], "obj_id": 19}, {"cam_R_m2c": [-0.5933200216191403, -0.7808994732506804, 0.1953646964593997, -0.06485290224796218, -0.19553795885615868, -0.9785494406091005, 0.8023499566996183, -0.5932629428197733, 0.06537298877168708], "cam_t_m2c": [-16.766332490954948, 507.03855711418475, 1818.2696390898575], "obj_id": 20}, {"cam_R_m2c": [0.7507475003313204, 0.6563444603438172, -0.0747672396324584, -0.5862450529447402, 0.609810783356195, -0.53333624140904, -0.30445841857976647, 0.44423277443080134, 0.8425926141839959], "cam_t_m2c": [201.77707089518714, 136.6000784451498, 1862.4890885981945], "obj_id": 19}, {"cam_R_m2c": [-0.32120568304879904, 0.6486390756635477, 0.6899958396247712, -0.9463410590249635, -0.24721917751718847, -0.208137642609968, 0.035573995848998285, -0.7198263872560267, 0.693241994565586], "cam_t_m2c": [284.872482353864, -82.12674631413431, 1890.4199298827455], "obj_id": 19}, {"cam_R_m2c": [-0.3287911430695257, 0.47756337312272756, 0.8147573926578866, -0.2725746735297178, 0.7780210448187788, -0.5660267671844358, -0.9042120501238649, -0.4081868181001663, -0.12563474813943465], "cam_t_m2c": [-338.9167802158802, 392.4348943042055, 1828.3847648168446], "obj_id": 20}, {"cam_R_m2c": [0.6135075663190673, 0.4538453507437552, -0.6462452039880318, -0.7532960749401703, 0.5819114130227047, -0.3064704404565824, 0.2369672752702108, 0.6748359096863448, 0.698886976161965], "cam_t_m2c": [-338.7095752156158, -579.6539052266413, 1969.262849214386], "obj_id": 0}, {"cam_R_m2c": [0.3517853099111526, 0.8896073318197827, 0.2912831799181031, 0.9241266288729316, -0.37962190925658257, 0.043326433275054414, 0.1491209895979279, 0.25394094034809434, -0.9556552355721495], "cam_t_m2c": [-215.12790241270073, -241.03405328926794, 1930.3975654167714], "obj_id": 20}, {"cam_R_m2c": [-0.9740784411492729, 0.08249874898581296, -0.21063035608377692, 0.017559121548033466, -0.9007408641963861, -0.4340018119976098, -0.22552797551227266, -0.4264502925107722, 0.875943651314862], "cam_t_m2c": [-233.36684824639687, 451.85580404403174, 1859.5781044656628], "obj_id": 18}, {"cam_R_m2c": [0.4214798454311133, -0.7394494224486251, -0.5249469416386383, -0.6104371419696436, 0.196734241365768, -0.7672432039309105, 0.6706125823449022, 0.6438246577404678, -0.368467874428791], "cam_t_m2c": [-421.4525881215817, 417.5957561761151, 1879.362247517186], "obj_id": 0}, {"cam_R_m2c": [0.6119976711858613, 0.6381268062764546, -0.46717558751982513, -0.6503213353247232, 0.0699023888004478, -0.7564362609377334, -0.4500455657870106, 0.7667514820014386, 0.45776757592040784], "cam_t_m2c": [-459.4947062194442, -134.65737011237613, 1928.1103719286668], "obj_id": 18}, {"cam_R_m2c": [-0.7301397126298196, 0.543558965709814, 0.4140527150464319, -0.3277204042777371, -0.8102899583165712, 0.48582869416221697, 0.5995792997268006, 0.21902929997561035, 0.7697602413032987], "cam_t_m2c": [-88.69415684337848, 401.9783490053346, 1858.9930498940678], "obj_id": 20}, {"cam_R_m2c": [-0.6220479129908163, 0.0012748457560757247, 0.78297814063489, -0.1557101399110061, -0.9802262384446697, -0.12211008882770019, 0.7673400460504235, -0.19787596173591215, 0.6099461922943882], "cam_t_m2c": [-172.74000402006683, 263.7529236100952, 1892.30119997517], "obj_id": 8}, {"cam_R_m2c": [0.7134151036848109, 0.4300009956792651, -0.5532974187082668, 0.22990846595198844, -0.8895128341255591, -0.3948531565145681, -0.6619524054779117, 0.15448644484470284, -0.7334527600611034], "cam_t_m2c": [-557.9858746418333, 243.14752845894546, 1889.816884908356], "obj_id": 0}, {"cam_R_m2c": [0.9689682459514246, -0.16861644371919124, 0.18074576964707315, -0.005962742744258996, -0.74694760218657, -0.6648561688716587, 0.24711330202315257, 0.6431467752350366, -0.7247739243846922], "cam_t_m2c": [274.4672223492946, -212.060567117475, 1917.6345542391584], "obj_id": 20}, {"cam_R_m2c": [-0.19233399695506173, 0.981272756621695, -0.010555128012016947, -0.7658610975433195, -0.1433698958899595, 0.6268188352484662, 0.6135669587624745, 0.12864233387404736, 0.7790935354951968], "cam_t_m2c": [-607.0008710093309, 393.2300788289281, 1881.650661172382], "obj_id": 8}, {"cam_R_m2c": [0.0334891487725052, 0.8684200989066416, 0.4946968857082817, -0.9899817638827871, 0.09675553042799473, -0.10283226395992308, -0.13716626441665225, -0.48629713051443857, 0.8629603216599269], "cam_t_m2c": [133.29167001830913, -151.09981977082697, 1917.3818263670778], "obj_id": 19}, {"cam_R_m2c": [0.5012219973511016, -0.4188796543524527, -0.7571765610086871, 0.004811837861965415, -0.8736634635566131, 0.48650693588339744, -0.8653053539576434, -0.2474913889730953, -0.43588376523610695], "cam_t_m2c": [184.44927815041186, 459.71797157885607, 1820.877712575851], "obj_id": 20}, {"cam_R_m2c": [-0.6110641210086589, 0.26309722082456743, -0.746579193662872, 0.7777865216526068, 0.02425164248086239, -0.6280604943574458, -0.14713519888678533, -0.9644644681020496, -0.2194527808371925], "cam_t_m2c": [396.6495429310098, 587.7099641103409, 1844.1219684472126], "obj_id": 0}, {"cam_R_m2c": [-0.9210427167433719, 0.3876085373938262, -0.03794648433527663, 0.3864783551852143, 0.8976025286743502, -0.21200042804377264, -0.04811231554726592, -0.20992694504715334, -0.9765325815536569], "cam_t_m2c": [9.74632300020229, -2.179176493330103, 1936.2428041888736], "obj_id": 19}, {"cam_R_m2c": [-0.5185105654801283, -0.8526878783769675, 0.06379792750915464, -0.2641952231146242, 0.0887994712958298, -0.9603726037226353, 0.8132328556870356, -0.5148184495203785, -0.27131952835087564], "cam_t_m2c": [-245.13834352541514, 385.55551830717536, 1828.3084555987787], "obj_id": 20}, {"cam_R_m2c": [0.5409613124892554, 0.8337472170731608, 0.11057321742927584, 0.4184681399435013, -0.3808642119859087, 0.8245161416737571, 0.7295514198753426, -0.39975996554321497, -0.5549294511077594], "cam_t_m2c": [87.11826539463111, -286.3871039274174, 1909.6144552631108], "obj_id": 19}, {"cam_R_m2c": [0.922176822332571, 0.36591833231355503, 0.1252744284739275, 0.19062593833928038, -0.7118364045154079, 0.6759812755090524, 0.3365288397520653, -0.5994937091274966, -0.7261925589894771], "cam_t_m2c": [520.2499716866713, 85.5621667307031, 1891.930979787363], "obj_id": 0}, {"cam_R_m2c": [-0.3708870851551087, -0.7269391625883898, -0.5779292551519077, -0.5224330980760953, -0.3511835918470012, 0.7770030520223536, -0.7677932196234614, 0.590109768359015, -0.24952762008945892], "cam_t_m2c": [-284.6903071507191, -557.5065075115433, 1969.9894920806844], "obj_id": 0}, {"cam_R_m2c": [-0.028907123754244094, -0.8155570666177546, -0.5779541930690533, 0.9938803934984384, 0.038217713696289415, -0.10363961491253085, 0.10661210820374041, -0.5774132640056616, 0.8094614141110632], "cam_t_m2c": [458.26784184933496, -298.82012576163015, 1952.0672046650586], "obj_id": 8}, {"cam_R_m2c": [0.4271893887218391, 0.7170852156223488, 0.550724994620102, -0.38365113348129615, -0.4077892958550123, 0.8285648423416175, 0.818731356393523, -0.5652403769388055, 0.1009072957525818], "cam_t_m2c": [-432.897337986688, 243.1069518072161, 1852.398041863284], "obj_id": 20}, {"cam_R_m2c": [-0.7945330457803657, -0.4339176036519483, 0.42477376614372875, 0.1004369978617868, -0.7838135562812534, -0.6128202986604199, 0.5988569517200978, -0.44424297656877576, 0.6663471536262664], "cam_t_m2c": [-401.21936832017224, -513.9877880842516, 1957.9903202167213], "obj_id": 0}, {"cam_R_m2c": [0.3044286024494605, 0.9023616071151432, 0.30506844480418543, -0.3201720665365101, 0.39857225194111756, -0.8594358660146355, -0.8971137463111402, 0.1639624651777419, 0.4102477741468305], "cam_t_m2c": [400.7929232755919, -353.7603378387549, 1922.9986607840742], "obj_id": 20}, {"cam_R_m2c": [0.801231055100153, -0.1542055149059576, 0.5781431098920788, 0.4934189143382781, 0.7168475224058718, -0.49261283437786946, -0.3384768401476397, 0.6799634466595627, 0.6504484144730598], "cam_t_m2c": [-203.99506116248486, 301.32520613012997, 1864.2960043299367], "obj_id": 20}, {"cam_R_m2c": [0.4633571063753631, 0.6257524871407011, 0.6274822840596195, 0.14615992915708345, -0.7523494831283859, 0.6423453357386867, 0.8740351635261853, -0.20592250987611022, -0.4400664186757229], "cam_t_m2c": [272.48300684337613, 252.57815063097493, 1852.8102872834131], "obj_id": 19}, {"cam_R_m2c": [-0.048257860866748804, -0.9612123688432658, 0.2715547105967469, 0.8314810398366094, -0.18930280290335258, -0.5223061642419754, 0.5534532132500419, 0.20058721493567797, 0.8083652082738046], "cam_t_m2c": [507.0181123933049, 150.78907841486568, 1847.4935809326096], "obj_id": 18}, {"cam_R_m2c": [-0.8834214881783387, 0.45771401975046055, -0.10032123578109324, 0.02555090221499125, 0.2608327468433757, 0.9650458173424409, 0.46788206379468156, 0.84997891403141, -0.24212025954309335], "cam_t_m2c": [380.499909941354, 142.58213327271832, 1897.5648077140331], "obj_id": 18}, {"cam_R_m2c": [0.12102915776092503, 0.4168762715834851, -0.9008696449333468, 0.12124622806737394, 0.8945373761610399, 0.4302350925137984, 0.9852163697133314, -0.16129803731470135, 0.057720429722150766], "cam_t_m2c": [491.31623914487255, -323.6319334412046, 1913.91205552734], "obj_id": 19}, {"cam_R_m2c": [0.6408473786163262, 0.5559501727622457, -0.5293713656085038, 0.6789429934478144, -0.7322853343000872, 0.05286398412085061, -0.35826114632862954, -0.39329072525885733, -0.8467416113884199], "cam_t_m2c": [-407.41610914360126, -435.9111618197494, 1952.4267100776628], "obj_id": 0}, {"cam_R_m2c": [0.4920003584052458, -0.8301419790797813, 0.2622974302173275, 0.43771617116118067, -0.024562725165800995, -0.8987776288028229, 0.7525557792171323, 0.5570107423577514, 0.35128169901798295], "cam_t_m2c": [-484.30045498173007, -126.9383194063355, 1898.263624808577], "obj_id": 18}, {"cam_R_m2c": [-0.5926912439286293, -0.5700408898070145, -0.5690083244719372, -0.6498961148831031, -0.0788346151883824, 0.7559233713201012, -0.47576478351196033, 0.8178254626728902, -0.3237427734694486], "cam_t_m2c": [-424.92072339899323, -561.6255750814486, 1963.768097139807], "obj_id": 0}, {"cam_R_m2c": [-0.05777669945150037, -0.5174143676731134, -0.853782305465464, 0.9983287060253124, -0.028844873006270876, -0.05007762002208477, 0.0012836379221489041, -0.8552487038439072, 0.5182161777164047], "cam_t_m2c": [319.6587551601359, 43.57341518340536, 1867.2627510836808], "obj_id": 19}, {"cam_R_m2c": [-0.27349815398638927, -0.9601255776274875, -0.05794510291233417, 0.9272102401164721, -0.24713708374261573, -0.2814328205137938, 0.2558904656082192, -0.13069864966662442, 0.9578298035591339], "cam_t_m2c": [-490.9722441675079, -217.06735467943187, 1893.7488338011256], "obj_id": 18}, {"cam_R_m2c": [0.9372958406029143, -0.1849432130497747, -0.2954192193058908, 0.1313316533457033, 0.97253637900544, -0.19215875816748595, 0.32284439598351466, 0.14131171026426634, 0.935843200821712], "cam_t_m2c": [428.30009003391075, 514.3494326447083, 1867.4759463017253], "obj_id": 0}, {"cam_R_m2c": [0.07338421866792819, 0.058495215402835254, 0.9955867949232127, 0.6166873221612382, -0.7872077950665549, 0.0007962864152400664, 0.7837802645742618, 0.6139073196838671, -0.09384188671628103], "cam_t_m2c": [-462.65046045125143, -289.6851335549432, 1874.8669210577607], "obj_id": 19}, {"cam_R_m2c": [-0.5288058960277139, 0.8395890758492677, 0.12431616162390068, 0.6445392122035267, 0.3019498972356718, 0.702421143966655, 0.5522078668928793, 0.45157108330133405, -0.7008209674857595], "cam_t_m2c": [553.9390165098349, -182.12752624819032, 1891.9979087717538], "obj_id": 18}, {"cam_R_m2c": [0.20797500668586463, 0.9750461955833428, 0.07766152890887143, -0.9510352606404023, 0.2201344041030646, -0.2169626169385633, -0.22864454861783973, -0.028736050679200334, 0.9730857669181612], "cam_t_m2c": [-355.09454150256505, -123.51539720360235, 1927.9953071686496], "obj_id": 20}, {"cam_R_m2c": [0.042743697603883954, -0.9915770867890662, 0.12226143001803758, 0.9954847119964481, 0.0526505809339941, 0.07898167197939379, -0.08475355152732751, 0.11833341574644371, 0.9893503111746026], "cam_t_m2c": [603.1220360338014, -370.7760734545104, 1926.8527739257788], "obj_id": 18}, {"cam_R_m2c": [-0.09593317366705185, -0.042790315446810265, 0.9944676038434482, 0.961033676086799, -0.2641932262336891, 0.08134010474131444, 0.25925103590392934, 0.9635200714651444, 0.06646782880869698], "cam_t_m2c": [-170.46417316147537, -320.2125428476896, 1957.7319399021633], "obj_id": 18}, {"cam_R_m2c": [0.07263596907689514, 0.5315534684269007, -0.8439045717375827, -0.6415019715030166, -0.6229872179481679, -0.4476183048434739, -0.7636748238314548, 0.5738796358789309, 0.2957413176569389], "cam_t_m2c": [455.31384849295387, 252.5248695828853, 1852.633477240845], "obj_id": 20}, {"cam_R_m2c": [-0.4541661906854827, 0.28810782275374697, 0.8430462346196281, -0.778408034678037, -0.5886223850248019, -0.21818482852019977, 0.4333751294051299, -0.7553261350673685, 0.49159783044403027], "cam_t_m2c": [-391.93429321015475, 151.84143869820105, 1883.3685145994612], "obj_id": 18}, {"cam_R_m2c": [-0.18473390717546093, -0.449980059713709, -0.8737226844941905, 0.5385458177254077, 0.6973133758561493, -0.4729930845821869, 0.8220959711312054, -0.5579175581680029, 0.11351745477103005], "cam_t_m2c": [-508.3562420576311, 176.35277132877698, 1873.2150122230428], "obj_id": 18}, {"cam_R_m2c": [0.4217996622465119, 0.6543899431499469, -0.6275817454586593, 0.8278790584651521, 0.004287019431913293, 0.5608902620114233, 0.36973140180890973, -0.7561451076140076, -0.5399474666556172], "cam_t_m2c": [228.63278681988166, -312.5089657746907, 1913.4662683282672], "obj_id": 20}, {"cam_R_m2c": [-0.4133921122551236, -0.4871323144753088, -0.7692912775530326, -0.6228257998086101, -0.4650304691861798, 0.6291539444533802, -0.664225100864167, 0.7392217332589803, -0.11115864545583737], "cam_t_m2c": [100.87978919530204, 107.54525477246673, 1899.3494752427025], "obj_id": 0}, {"cam_R_m2c": [-0.16639115772772517, 0.9250262101597111, -0.3415267092740925, 0.6555019096918125, -0.1549789506737598, -0.7391202684532793, -0.7366350718099259, -0.346854487307896, -0.5805693202486354], "cam_t_m2c": [-314.71834479679353, 202.24057292409958, 1854.8916223425774], "obj_id": 20}, {"cam_R_m2c": [-0.9235542028388001, -0.31350607193523405, -0.220820237475029, 0.07797924654934614, -0.7173613091222752, 0.6923236160076954, -0.37545555199834846, 0.6221789895473121, 0.6869690192719757], "cam_t_m2c": [-182.78328679518808, 184.76432354945132, 1854.1185044845001], "obj_id": 19}, {"cam_R_m2c": [-0.5225131880317756, 0.05541421205410594, 0.8508285570168018, -0.6253253782613605, -0.7032588630125929, -0.3382235102658023, 0.5796103343067276, -0.7087709338683813, 0.40211394363810066], "cam_t_m2c": [33.19291374876266, -456.9265120717156, 1944.282724037684], "obj_id": 18}, {"cam_R_m2c": [-0.21951797363848613, 0.9284656592186827, -0.29960537194995385, -0.19814141192867035, 0.2582669933354196, 0.9455359015036897, 0.9552757927052092, 0.2669263565201075, 0.1272732496101776], "cam_t_m2c": [-84.7491066305635, -532.450694494659, 1994.8580329097463], "obj_id": 0}, {"cam_R_m2c": [0.48047771688816054, 0.21030885469827923, 0.8514172591681698, 0.12770962718547604, 0.9436949053042626, -0.30517237231919364, -0.8676585818731275, 0.2553627054569169, 0.4265659081122593], "cam_t_m2c": [-130.5174052153048, 467.6708563656654, 1836.888141378431], "obj_id": 20}, {"cam_R_m2c": [-0.29847595929732756, -0.6970183994855058, 0.6519796411700326, 0.7447486436192456, -0.597303784271694, -0.29761997097306453, 0.5968765027615296, 0.39672854708651595, 0.6973843275969055], "cam_t_m2c": [-516.670180113331, 294.10614600269497, 1900.078159551259], "obj_id": 0}, {"cam_R_m2c": [0.9996409002526434, 0.02400893400998041, 0.011901328908556639, 0.02163765382151604, -0.4612055974000506, -0.8870294295365644, -0.01580767152952853, 0.8869684143274592, -0.46155947558927596], "cam_t_m2c": [-65.9178176886159, 289.63914661811316, 1840.5721344941826], "obj_id": 19}, {"cam_R_m2c": [0.4063692730697168, 0.8875495131174178, 0.2170711304384453, -0.6470442769453971, 0.11179229491512091, 0.7542122953584215, 0.6451338757010037, -0.44694333484530796, 0.6197127865877514], "cam_t_m2c": [497.06283242615103, -427.65571179565814, 1950.1509073727188], "obj_id": 0}, {"cam_R_m2c": [-0.49893110205485, 0.6258278819201872, -0.5995058111591791, 0.0569759476015835, 0.713947750199099, 0.6978770317044016, 0.8647667297006947, 0.3140351448435942, -0.3918678744243116], "cam_t_m2c": [-427.0873477275758, 337.0140760038604, 1904.4183251872987], "obj_id": 0}, {"cam_R_m2c": [-0.7146345611443694, 0.1906544676332888, -0.6730143519936719, 0.4909087958808843, 0.8220983586282254, -0.2883796852546268, 0.49830311873876015, -0.5364747549626585, -0.6810938548709569], "cam_t_m2c": [342.6512437359399, -444.82036461425514, 1918.9770215881217], "obj_id": 18}, {"cam_R_m2c": [-0.5537250637149581, -0.5172082634010056, 0.652598012626136, -0.5390274389884084, -0.37472223805883176, -0.7543425377915381, 0.63469518182468, -0.7694666052363137, -0.07129635050014772], "cam_t_m2c": [-477.128105301714, 4.914514732476631, 1876.8906110039302], "obj_id": 20}, {"cam_R_m2c": [-0.6109916234620217, 0.7915530128791229, -0.011535330997717344, -0.7602732938676475, -0.5907834536831685, -0.27011003218285984, -0.22062129246942913, -0.15626496298329626, 0.9627603578528501], "cam_t_m2c": [-340.9197829420196, 77.63009446829476, 1900.1710561812138], "obj_id": 20}, {"cam_R_m2c": [-0.9240855194056236, -0.03449341149883708, 0.38062600724071927, 0.06977183353042128, 0.9639563915661931, 0.2567488391492509, -0.375763015836635, 0.2638148587965746, -0.8883714742198222], "cam_t_m2c": [169.21388918011502, -11.557763755435367, 1890.6436542943188], "obj_id": 19}, {"cam_R_m2c": [-0.8640586453126361, -0.49102686948771157, -0.11088404259220602, 0.0696677199388531, 0.10150864116429459, -0.9923922634560889, 0.4985469549190064, -0.8652101532056105, -0.053500696546025336], "cam_t_m2c": [-79.11170787000685, -427.20874999523056, 1954.6726248136567], "obj_id": 18}, {"cam_R_m2c": [0.049697828741616254, 0.6045079893629164, -0.7950473046396506, 0.9820077223859794, 0.1156281769055812, 0.14930156690333826, 0.1821838604066489, -0.7881625565211123, -0.5878850444648466], "cam_t_m2c": [292.1650765149204, -384.63416074280497, 1937.9206497359062], "obj_id": 18}, {"cam_R_m2c": [-0.8209068307227454, 0.4606330065603819, 0.3375340109379809, -0.4960167687354945, -0.2822521927293987, -0.8211583676932513, -0.2829829330647641, -0.8415170425883182, 0.4601844484850327], "cam_t_m2c": [8.271445809294928, 382.4940275867502, 1826.4889215743497], "obj_id": 19}, {"cam_R_m2c": [-0.9391461056230697, 0.31187930208811365, 0.14399962924276313, -0.3435169115162763, -0.8516081599974761, -0.39592887407718974, -0.0008507616239782686, -0.42130136809028224, 0.9069203015976183], "cam_t_m2c": [120.02322526251926, -486.5317227516013, 1950.0135358358627], "obj_id": 18}, {"cam_R_m2c": [0.9137456811292197, -0.38790434724106776, 0.12082651865041806, -0.18730331827812174, -0.6660931805358573, -0.7219676875079868, 0.3605361246528608, 0.6370636484960563, -0.6812955383570257], "cam_t_m2c": [166.3391394365223, -243.62440766739468, 1953.1673286778978], "obj_id": 8}, {"cam_R_m2c": [-0.2215999839274902, -0.5041022123237056, -0.8347301400175278, 0.9713592985587485, -0.1893955797959394, -0.14349364953619356, -0.08575873265616768, -0.8426210737241889, 0.5316344288033855], "cam_t_m2c": [126.64209724852705, -396.51804435869985, 1959.725584772318], "obj_id": 18}, {"cam_R_m2c": [-0.4268126474979087, 0.5631443991070553, 0.7076011232962955, -0.12797267921220934, -0.8121870299026774, 0.5691882130131608, 0.8952396088819315, 0.152383116558955, 0.4187187940333045], "cam_t_m2c": [101.15447573578254, -488.67569356554054, 1917.716546345874], "obj_id": 18}, {"cam_R_m2c": [0.9754553654228454, -0.15223082126669918, 0.15909936242565298, 0.21996387032922646, 0.7069121292475068, -0.6722284859127461, -0.010135374564872133, 0.6907249948997227, 0.7230465099861882], "cam_t_m2c": [34.36391559966324, -216.3211178990753, 1950.5384346357691], "obj_id": 8}, {"cam_R_m2c": [-0.23489854783066555, 0.9301491612241286, 0.2822148296973333, 0.9476490324623145, 0.2837510684587459, -0.1464467221270559, -0.21629605521202527, 0.2330404879469884, -0.948107666606038], "cam_t_m2c": [-275.3548794574526, -106.8515263158894, 1923.1953740269364], "obj_id": 20}, {"cam_R_m2c": [-0.017646602279960632, 0.9884921217711644, 0.15023955079909843, -0.5848530529799704, 0.11166923013662544, -0.8034157637616415, -0.8109472879589533, -0.10204561841174452, 0.5761520527733834], "cam_t_m2c": [241.26503540555242, 44.81074426301988, 1885.7260480628693], "obj_id": 18}, {"cam_R_m2c": [0.3484984610411983, 0.875375354135976, 0.3350624001932056, -0.9111286170741443, 0.40027825861835853, -0.09809158386942493, -0.21998514904528035, -0.27110017530199065, 0.937075892951449], "cam_t_m2c": [187.10601226861885, 248.02120864168268, 1885.628363731654], "obj_id": 0}, {"cam_R_m2c": [-0.5214449321193524, -0.7898220103967772, 0.3229185263496625, -0.13608201570698497, 0.45057308758494, 0.8823069634459981, -0.8423638571117402, 0.4161310906877391, -0.34242962429507273], "cam_t_m2c": [-141.11140279510872, -480.2906878381266, 1919.7776191788091], "obj_id": 20}, {"cam_R_m2c": [0.08797106504221763, 0.29830420738697194, -0.9504081710352497, 0.07065886339128666, -0.953572540381872, -0.29275712673462684, -0.9936138167012318, -0.0414006048855977, -0.10496462821120853], "cam_t_m2c": [-258.144711114991, -589.7476633126385, 1950.4607360267798], "obj_id": 18}, {"cam_R_m2c": [-0.18996727180029127, -0.678588102963097, -0.7095284505653728, -0.3704042348794225, 0.7188190594819499, -0.588302526349219, 0.9092376688348007, 0.15105411693306903, -0.38790400272416226], "cam_t_m2c": [-376.14326752612476, -416.27571075546547, 1975.02123779569], "obj_id": 0}, {"cam_R_m2c": [0.41609999248863366, 0.15400095090430868, 0.8961832978646322, 0.26685146636426094, 0.9214805830154287, -0.2822478166873735, -0.8692819399655112, 0.3565911415698857, 0.3423326841008364], "cam_t_m2c": [385.8951688087803, -146.42832114313208, 1866.821606011888], "obj_id": 19}, {"cam_R_m2c": [0.41184491478250035, -0.8518936694144847, -0.3235134343104169, -0.8650412688248871, -0.25386885421844896, -0.43272879276475407, 0.28650893423700546, 0.458069624477914, -0.8414777773257225], "cam_t_m2c": [439.18783904682317, 355.4235738660445, 1845.3719465047077], "obj_id": 18}, {"cam_R_m2c": [-0.6956699286418007, -0.11214618415420965, 0.7095537920152083, 0.6187061113253377, 0.4083730834353603, 0.6711439283299624, -0.3650289004889747, 0.90589991616356, -0.214707344314683], "cam_t_m2c": [-389.91593371555695, -293.23897777671476, 1922.9439627064983], "obj_id": 20}, {"cam_R_m2c": [-0.3466419402819929, 0.9222147862080513, 0.17134542111411727, 0.6145328406930979, 0.08527513426483929, 0.7842687926889513, 0.7086527731881158, 0.37715784437732747, -0.5962912102969828], "cam_t_m2c": [234.60326809435864, 543.8903240640569, 1877.445283313872], "obj_id": 0}, {"cam_R_m2c": [0.7472847855736406, 0.34102765916085, -0.5703205983807962, 0.44434404149315315, -0.8946076437358739, 0.04728146104847938, -0.4940888807084099, -0.2887512761125377, -0.8200602895541838], "cam_t_m2c": [-483.1963335185983, 380.9196647773714, 1866.828588729293], "obj_id": 0}, {"cam_R_m2c": [-0.7611680145760492, -0.37569443005014586, 0.5286557942703853, -0.583425604056901, 0.04063423034556876, -0.8111494460671619, 0.28326280750779137, -0.9258523394977838, -0.2501192262287819], "cam_t_m2c": [-420.75137142255943, -367.7903754973241, 1966.9287070302419], "obj_id": 8}, {"cam_R_m2c": [-0.9195565827432903, -0.0796819987268376, 0.38479406208045713, 0.13817778578333448, 0.851122109976337, 0.506456368728287, -0.3678621897524905, 0.5188852792172118, -0.7716446567962344], "cam_t_m2c": [138.08614937457105, 508.2276791850794, 1865.5549202212565], "obj_id": 18}, {"cam_R_m2c": [-0.007125150175106137, 0.35489506300177787, -0.9348789902933674, -0.022915701870376462, -0.9347151543388474, -0.3546582169597825, -0.9997120099522511, 0.018896415169767613, 0.014792655304629022], "cam_t_m2c": [-331.4422593366749, -492.93356224440197, 1982.324837977864], "obj_id": 0}, {"cam_R_m2c": [-0.6072957676788063, 0.05423521430078111, 0.792622477658285, 0.4087486356405804, 0.8768262368509067, 0.25318037686961764, -0.6812608923322794, 0.4777387276531243, -0.5546614324784087], "cam_t_m2c": [-550.9445807708643, 347.4319957802219, 1866.3305650560576], "obj_id": 0}, {"cam_R_m2c": [0.23889924975689694, -0.9682159364970795, 0.07406111515954353, -0.8921767753458935, -0.1887478606342392, 0.41035941153993327, -0.383337644901977, -0.16411016244913434, -0.908911494361208], "cam_t_m2c": [410.21567458288206, 35.209380121758294, 1887.947768264763], "obj_id": 20}, {"cam_R_m2c": [-0.23694429472586742, 0.04564782747860485, 0.9704502444965147, 0.9369887761187818, 0.2746988392022567, 0.2158531472282947, -0.25672832844134774, 0.9604461586093287, -0.10785982471845246], "cam_t_m2c": [14.943527566585614, -348.5123756616455, 1977.3548961233494], "obj_id": 18}, {"cam_R_m2c": [0.7197865254616612, -0.39757409930465604, 0.5690713429139804, 0.29137314348273863, 0.9170766876943939, 0.27216179038297567, -0.6300865408980074, -0.030086283412397056, 0.7759418576991526], "cam_t_m2c": [-330.2907394134419, -229.95665649184465, 1927.3770176220748], "obj_id": 20}, {"cam_R_m2c": [-0.8017392648188219, 0.29289069262052664, -0.5209886691896894, -0.5441127800238447, -0.7183594937148416, 0.4334753976922785, -0.24729624716622467, 0.6310108398165788, 0.7353025813714221], "cam_t_m2c": [301.71277023740987, 487.09542424367623, 1861.982812773875], "obj_id": 18}, {"cam_R_m2c": [-0.5045113322331132, 0.8556561495239304, -0.11541607093577495, 0.7298065436596258, 0.3511897387115746, -0.5865562004235287, -0.46135748013873173, -0.38015565391767936, -0.8016426599891385], "cam_t_m2c": [30.57693043125229, 181.9812747219942, 1886.0639983939636], "obj_id": 19}, {"cam_R_m2c": [-0.22766393208107377, 0.8242810842252133, -0.5183915780738454, 0.07284679589676737, -0.5164622807228062, -0.8532057529800019, -0.9710110598530584, -0.23200734208016915, 0.05753359769679308], "cam_t_m2c": [-195.14608695952438, -531.6056174450556, 1980.0507675538445], "obj_id": 0}, {"cam_R_m2c": [-0.2315180608607509, -0.9719432532564173, -0.04154154480288601, -0.377641764394006, 0.12914375246231416, -0.9169016244861466, 0.8965411787980851, -0.1965914638260904, -0.3969454761929593], "cam_t_m2c": [116.42140423762363, 290.4693553941533, 1854.8205576301198], "obj_id": 19}, {"cam_R_m2c": [-0.1967300015588814, 0.8685180648908376, -0.4549435980920243, -0.9549585260339759, -0.27487256151736483, -0.1118002168150738, -0.2221520201160853, 0.4124578110342401, 0.8834744105378404], "cam_t_m2c": [-46.39848717497661, -105.73587890139297, 1902.1301551010035], "obj_id": 19}, {"cam_R_m2c": [0.8487614671111882, 0.41423232405713206, -0.32865719778135183, -0.10692058515468264, -0.4742585544459883, -0.8738688757502359, -0.5178532228512667, 0.7768464489466552, -0.35824242398343564], "cam_t_m2c": [170.71038799126134, 365.6911818902263, 1838.1511102373988], "obj_id": 20}, {"cam_R_m2c": [0.9143448078628994, 0.2744381449661436, 0.29775371856905486, 0.05185633776060661, 0.6498988877882601, -0.7582495340490758, -0.4016024060787182, 0.7087419419218283, 0.58000031654531], "cam_t_m2c": [-285.88685421461156, -324.4393020920389, 1954.5462946012124], "obj_id": 18}, {"cam_R_m2c": [0.5330078911781256, -0.566114229059847, 0.6288221271534763, 0.5152017099044511, -0.37238047478313724, -0.7719455810559541, 0.6711704597592006, 0.7354233213981319, 0.0931812872328041], "cam_t_m2c": [538.2065873719279, -365.7368668690702, 1876.6238870317625], "obj_id": 19}, {"cam_R_m2c": [-0.049917017800167565, -0.6126227492887844, -0.7887976029297937, 0.32937205865724545, -0.7556966072758269, 0.5660712717738747, -0.9428798111688599, -0.2315513005915868, 0.23950293711042234], "cam_t_m2c": [488.28294357511385, -217.35722400994433, 1905.7298547085584], "obj_id": 20}, {"cam_R_m2c": [0.45847194764441573, -0.7864019534405737, 0.4139751693616244, -0.22052648008684067, -0.5519170715110965, -0.804211177337845, 0.8609132039896031, 0.2774157778488176, -0.42646094943956014], "cam_t_m2c": [-268.9060478784871, 31.852479806971477, 1869.0538092748743], "obj_id": 19}, {"cam_R_m2c": [-0.7298864988589465, 0.6754803790816755, -0.10484253077404171, -0.21193439130792194, -0.07779992396676347, 0.9741822137627573, 0.6498842301243893, 0.733262183196735, 0.19994263709671245], "cam_t_m2c": [26.32683289654522, 457.92741310919524, 1792.9095425372593], "obj_id": 19}, {"cam_R_m2c": [-0.8376929655261995, -0.18475231535477885, -0.5139426791763546, -0.545412824049543, 0.3315962004628845, 0.7697849122975065, 0.028201894798454707, 0.9251543340489877, -0.3785420865903156], "cam_t_m2c": [-349.02436665577727, 293.5341239529682, 1829.1786933341782], "obj_id": 19}, {"cam_R_m2c": [0.7233405612563143, -0.6853017903345374, -0.08449786154500256, 0.5023209736506485, 0.6062267400038188, -0.6165734174735452, 0.4737637300090256, 0.4035475137683546, 0.7827498529283252], "cam_t_m2c": [-53.96675184669852, -255.66508778748187, 1897.4342400744447], "obj_id": 19}, {"cam_R_m2c": [-0.29879246961775213, -0.15298829776070014, 0.9419753929100314, 0.8460618239569949, 0.41416107923714973, 0.33563371476608517, -0.4414775760356205, 0.8972542455700069, 0.0056893465626722374], "cam_t_m2c": [528.6107661448714, -39.16811432524767, 1896.709397476337], "obj_id": 20}, {"cam_R_m2c": [-0.18565531458037357, 0.23878739555707001, 0.9531593171611628, 0.6063220756418595, -0.7354957599505689, 0.3023566233507741, 0.773243586948776, 0.6340556496221812, -0.008233372625122677], "cam_t_m2c": [417.3617421099162, -426.80269442641423, 1989.1581234325918], "obj_id": 0}, {"cam_R_m2c": [-0.26204973584333613, 0.13343807124262025, -0.9557846081034613, 0.7384215382098329, 0.6653796969489787, -0.1095604435729839, 0.6213401386135143, -0.7344822258102196, -0.27289611964372773], "cam_t_m2c": [470.34596146122504, 78.26751446933729, 1861.2844971414886], "obj_id": 19}, {"cam_R_m2c": [0.27537105953543384, 0.4523256089663915, -0.8482760889259556, -0.7154682103601339, -0.4929288099574689, -0.495102442205631, -0.6420872367010569, 0.7432514593238926, 0.18788626527371305], "cam_t_m2c": [-303.2853029354095, -441.7937579615194, 1885.6379748157697], "obj_id": 19}, {"cam_R_m2c": [0.4521950146537074, -0.8368620597518961, 0.30851509147875944, 0.5178410475595041, 0.5279646714200088, 0.6731225409944587, -0.72619578502275, -0.14462087912945287, 0.6721045180141368], "cam_t_m2c": [-416.3514865326664, -8.71236460200535, 1900.9092191929026], "obj_id": 20}, {"cam_R_m2c": [0.9349548312382059, 0.31685865287359394, -0.15956208084463233, 0.3473070795682538, -0.9092406595187787, 0.22947595856565522, -0.07236888852337207, -0.26996669642196053, -0.9601462007407542], "cam_t_m2c": [-365.70343353372516, 454.3474920857734, 1872.154042677741], "obj_id": 8}, {"cam_R_m2c": [-0.4735787056363575, 0.5402786184205286, 0.6955733060184217, 0.19741931349993758, 0.8347713222433469, -0.5139868229996827, -0.8583407389987995, -0.10609360978729436, -0.5019913562376304], "cam_t_m2c": [332.3342448886088, 552.8727112097514, 1861.0632265629642], "obj_id": 0}, {"cam_R_m2c": [0.8384473993922714, 0.05544996120040815, 0.5421542771713698, 0.07265427707613688, -0.9973033842718609, -0.010359331177104834, 0.5401178709086387, 0.04807558135650821, -0.8402151057927683], "cam_t_m2c": [-164.66004784845538, -78.9825425095053, 1916.5072169814416], "obj_id": 19}, {"cam_R_m2c": [-0.5574381130328705, -0.1084973249199785, 0.8230984635045566, 0.7570142677735882, -0.4734826543201526, 0.4502705569378941, 0.3408696943489863, 0.8740952502691862, 0.3460713003577114], "cam_t_m2c": [559.4531898848971, -265.15525646797823, 1944.531665644451], "obj_id": 0}, {"cam_R_m2c": [-0.42666667018725773, 0.8359886585392502, -0.34507754975521543, -0.8991565904917763, -0.4331591648774068, 0.0623743830262991, -0.0973292264765419, 0.33689182340397145, 0.9364992904412826], "cam_t_m2c": [-562.6499269636034, 384.76494998091096, 1858.5478445876247], "obj_id": 18}, {"cam_R_m2c": [-0.6156842590273481, 0.7710993244074454, 0.16229209803415107, 0.31716251668583634, 0.4310335783499105, -0.8447591327380708, -0.7213465402949204, -0.46863193044568857, -0.5099443916460846], "cam_t_m2c": [395.492366674471, 442.32202945776436, 1853.569928050158], "obj_id": 18}, {"cam_R_m2c": [-0.42566419695760965, 0.13287465967423998, -0.8950722407967351, 0.730370135219487, 0.6344050112755029, -0.2531595292458828, 0.5341998287232047, -0.7614949812605357, -0.36709118282398817], "cam_t_m2c": [360.26360296860855, 273.9155034016328, 1844.6661682048978], "obj_id": 20}, {"cam_R_m2c": [-0.056528255215715945, -0.30178091476218466, -0.9516999715496298, 0.7704945669578267, -0.6193909999503163, 0.1506416657801484, -0.6349351767312453, -0.7247641469235668, 0.2675336477593353], "cam_t_m2c": [464.4511638704339, -96.04172415579428, 1877.0676780697763], "obj_id": 19}, {"cam_R_m2c": [-0.6024272808268474, 0.7380219011056873, -0.30398198105137414, -0.11874858067761297, 0.2937365104991319, 0.9484817536393862, 0.7892909133536399, 0.6074887125602747, -0.08931583403426464], "cam_t_m2c": [374.2163350480273, 391.3147288333669, 1860.0323100178696], "obj_id": 18}, {"cam_R_m2c": [0.2604811981249552, -0.32379715766071177, 0.9095630523027156, 0.2351566595876326, 0.9349911308446115, 0.2655050483390114, -0.9364031668437341, 0.14473073596426805, 0.31969066797807405], "cam_t_m2c": [54.35095253570005, -421.94959211563923, 1969.2403820584304], "obj_id": 8}, {"cam_R_m2c": [-0.3807566472555, 0.6257751416673979, -0.6807568197542343, 0.9216873979623904, 0.19770864965834958, -0.33377182368736535, -0.07427459867322468, -0.7545308223799871, -0.6520479446102954], "cam_t_m2c": [242.89795112797242, -442.1668505768351, 1953.4311119124573], "obj_id": 18}], "1": [{"cam_R_m2c": [0.789492870822701, -0.5849695460463734, -0.18577307963865486, 0.6031170511476855, 0.7955338747758747, 0.05810057399891649, 0.1138017114768063, -0.15791290093714097, 0.9808734302562011], "cam_t_m2c": [201.72592828351026, 650.9821696221064, 1379.741348676966], "obj_id": 20}, {"cam_R_m2c": [0.47765098910320586, 0.15954454998531978, -0.8639415889854543, 0.3760778010858316, 0.8515890270284185, 0.3651870980404945, 0.7939867883908243, -0.49934123163902033, 0.34676117753585317], "cam_t_m2c": [-70.5109006343461, 137.6097487036484, 2123.8715170329688], "obj_id": 18}, {"cam_R_m2c": [0.3361970164206951, 0.8938045565337799, -0.2967911401461916, -0.8736172287749066, 0.41368717685197387, 0.2562339893454744, 0.3518017960975695, 0.17313675065594014, 0.9199234543345589], "cam_t_m2c": [-32.50209947119789, 247.84907886831667, 1438.26260763752], "obj_id": 19}, {"cam_R_m2c": [0.6327823858068531, 0.14651686049056384, -0.760341542863847, 0.6997181508160425, -0.528744615289113, 0.4804410902715816, -0.33163377637261965, -0.8360394377030048, -0.43710078583100104], "cam_t_m2c": [287.46486427158254, 361.43844558378464, 1424.7535806288256], "obj_id": 18}, {"cam_R_m2c": [-0.50052824863618, 0.3006894270264148, 0.8118234665194921, 0.7556896788729013, 0.6092716293361736, 0.24025234844016813, -0.4223796651854468, 0.7337397019110871, -0.5321855581254149], "cam_t_m2c": [-249.3225843352891, 223.5572501964649, 1499.4458799669276], "obj_id": 18}, {"cam_R_m2c": [-0.2918151702453782, 0.8429439195345346, 0.4519839100393035, 0.9463370788427159, 0.323070435779758, 0.008463257795501682, -0.13888858708366528, 0.43019884012492815, -0.8919859406588593], "cam_t_m2c": [-463.7044426558397, 264.28627399329866, 1486.110737658461], "obj_id": 8}, {"cam_R_m2c": [0.38066441444811133, -0.00014464128114202198, 0.9247132434716052, 0.8979506993153893, 0.2388994372548162, -0.3696100654451061, -0.22086001261405336, 0.9710443027783192, 0.09107039513413928], "cam_t_m2c": [-140.27270130694205, 237.1058456284141, 1502.5117886690732], "obj_id": 8}, {"cam_R_m2c": [-0.6712712336610254, 0.6963462536391579, -0.25396225290762153, 0.716914049311528, 0.6969753097458401, 0.016114077833943228, 0.18822639761455706, -0.17125219019738044, -0.9670798884237263], "cam_t_m2c": [212.5589030865744, 426.9041599088425, 1423.4691638429822], "obj_id": 20}, {"cam_R_m2c": [-0.5226707415881813, 0.3484651667754587, 0.7780664004002569, -0.20896371829234525, -0.9371750973769186, 0.2793510359637154, 0.8265285598968123, -0.016579034975396527, 0.5626505800887319], "cam_t_m2c": [-395.40017955445603, 70.3065069701822, 1516.7157505407586], "obj_id": 0}, {"cam_R_m2c": [0.735188471050798, 0.6681725282020778, 0.1142076380547036, -0.6664055831904891, 0.6815847072878433, 0.30223481845063777, 0.1241028232013075, -0.2983081617176928, 0.946367122170924], "cam_t_m2c": [-125.37040896337176, -615.4210484263697, 1678.6340598202873], "obj_id": 19}, {"cam_R_m2c": [-0.14833684894408827, -0.9836625936023164, 0.102000398003649, -0.98407439302039, 0.15703574930195136, 0.08329083048406928, -0.09794778326685079, -0.08802088041333604, -0.9912913579590873], "cam_t_m2c": [-322.19284323050914, 158.61315292304877, 1498.6486399289997], "obj_id": 19}, {"cam_R_m2c": [-0.7269042462773161, 0.6804620280193884, 0.09263716947180584, -0.6384306999852745, -0.719293190083439, 0.27390426797679246, 0.25301473882032954, 0.1399597625152708, 0.957285123051826], "cam_t_m2c": [280.53095829715517, -68.58208961534454, 1577.9324646611665], "obj_id": 19}, {"cam_R_m2c": [0.8662611127002243, -0.27602516188153764, 0.41641541113609204, -0.1743672714467061, -0.9481412787327541, -0.26575208411459145, 0.46817490243668586, 0.15760147705935082, -0.8694676734399681], "cam_t_m2c": [-333.6166916158257, -102.2981855737696, 1565.4939200145413], "obj_id": 19}, {"cam_R_m2c": [0.9986945564484084, 3.0311682951119106e-06, 0.051080161620036695, -0.04960301985172018, -0.23868910930879786, 0.9698283608551376, 0.012195217993415141, -0.9710960349461761, -0.2383773637951144], "cam_t_m2c": [-98.16243377469067, -362.57031828069347, 1664.411310740063], "obj_id": 18}, {"cam_R_m2c": [-0.8367889024554492, -0.4969735756560288, -0.22978598266009656, 0.3240723036685402, -0.7878263986003639, 0.5237429786291616, -0.441317883982023, 0.36379503950444725, 0.8202997589354682], "cam_t_m2c": [238.82047412486807, 346.7392306095717, 1408.7989223252494], "obj_id": 19}, {"cam_R_m2c": [-0.048235747836381994, 0.9984926701896549, -0.026185878029923292, 0.9699375704623557, 0.040563521189220575, -0.23994939081880293, -0.23852551653072243, -0.03697280522579662, -0.9704321664276631], "cam_t_m2c": [557.7258021039871, -51.729053183340014, 1580.10