1.000000 0.000000 0.000000 0.000000 1.000000 0.000000 0.000000 0.000000 1.000000
-0.988733 -0.116182 0.094384 -0.148949 0.701006 -0.697427 0.014865 -0.703628 -0.710413
0.534075 -0.832479 0.147455 0.288143 0.015265 -0.957466 0.794819 0.553847 0.248026
0.639516 -0.573049 0.512479 0.570226 -0.093518 -0.816148 0.515618 0.814168 0.266961
-0.372152 0.815539 0.443168 -0.440165 0.265292 -0.857832 -0.817164 -0.514311 0.260243
0.672101 0.305723 0.674399 0.457184 0.545107 -0.702738 -0.582462 0.780636 0.226596
0.112381 -0.104119 -0.988195 -0.469609 0.870859 -0.145161 0.875693 0.480379 0.048973
-0.874231 -0.391769 0.286772 0.471122 -0.541792 0.696064 -0.117326 0.743625 0.658222
-0.686509 0.707310 -0.168575 -0.726446 -0.677173 0.117101 -0.031328 0.202851 0.978708
-0.715743 0.474237 -0.512651 0.611138 0.780583 -0.131153 0.337969 -0.407172 -0.848521
-0.811589 0.385258 -0.439203 -0.485674 -0.862745 0.140682 -0.324722 0.327485 0.887305
0.781089 -0.035935 -0.623384 -0.311875 0.842447 -0.439337 0.540956 0.537579 0.646819
0.554951 -0.678056 -0.481944 -0.765103 -0.643450 0.024276 -0.326567 0.355265 -0.875866
0.784173 0.079799 0.615390 -0.320243 0.901476 0.291179 -0.531523 -0.425409 0.732469
0.546758 -0.641959 -0.537536 -0.796744 -0.201541 -0.569720 0.257401 0.739777 -0.621671
-0.024093 -0.885179 -0.464627 0.010553 -0.464961 0.885268 -0.999654 0.016425 0.020543
0.199773 -0.807169 -0.555489 -0.942516 -0.003316 -0.334144 0.267869 0.590310 -0.761433
0.150402 0.988389 0.021585 -0.852718 0.118647 0.508719 0.500251 -0.094918 0.860662
0.929284 0.080011 -0.360597 -0.107612 0.992552 -0.057092 0.353343 0.091859 0.930973
0.440023 -0.173518 -0.881063 -0.889532 0.050096 -0.454119 0.122935 0.983556 -0.132307
-0.807306 0.590125 -0.003208 0.582294 0.797452 0.158125 0.095872 0.125788 -0.987414
-0.596008 -0.779578 -0.192439 -0.398199 0.495061 -0.772238 0.697289 -0.383631 -0.605488
0.639388 0.279355 -0.716341 0.169006 -0.959939 -0.223502 -0.750080 0.021839 -0.660986
0.741323 -0.620288 -0.256285 -0.235657 -0.598119 0.765976 -0.628415 -0.507441 -0.589574
0.411100 0.649859 0.639281 0.219160 0.610255 -0.761287 -0.884854 0.453070 0.108453
0.641253 0.004848 0.767314 0.207185 -0.963933 -0.167057 0.738829 0.266102 -0.619129
-0.734092 -0.336099 0.590039 -0.678502 0.397952 -0.617470 -0.027276 -0.853623 -0.520177
-0.654250 -0.101450 -0.749443 0.756206 -0.073999 -0.650136 0.010498 -0.992085 0.125131
0.551749 -0.666585 0.501236 0.648701 0.720729 0.244410 -0.524175 0.190300 0.830076
0.215513 0.933748 -0.285778 0.602933 0.102966 0.791119 0.768131 -0.342802 -0.540797
0.234600 -0.621962 -0.747078 0.531182 -0.561624 0.634369 -0.814131 -0.545658 0.198618
-0.125015 0.879681 0.458838 -0.757155 -0.383449 0.528851 0.641161 -0.281297 0.713992
-0.028909 -0.446669 0.894232 0.463228 0.786758 0.407961 -0.885768 0.426027 0.184165
0.108355 -0.515330 0.850114 0.984027 0.177099 -0.018068 -0.141243 0.838493 0.526288
0.151760 0.803243 0.575995 -0.028487 0.586057 -0.809769 -0.988007 0.106482 0.111822
-0.145980 0.749696 0.645481 -0.919743 0.137465 -0.367664 -0.364367 -0.647348 0.669461
0.389110 -0.420819 0.819454 -0.882098 0.086186 0.463115 -0.265513 -0.903041 -0.337668
0.630670 -0.563483 0.533613 0.108305 0.744779 0.658464 -0.768457 -0.357480 0.530738
0.823999 -0.394079 -0.407096 -0.024137 0.693434 -0.720116 0.566077 0.603201 0.561877
0.355258 0.138824 0.924402 0.739892 -0.646121 -0.187316 0.571272 0.750503 -0.332255
0.000419 -0.503834 0.863800 0.308839 -0.821508 -0.479316 0.951114 0.266976 0.155259
0.565640 0.469176 0.678178 -0.119134 -0.767262 0.630171 0.816002 -0.437244 -0.378100
0.781719 -0.144217 0.606726 -0.623608 -0.189092 0.758523 0.005335 -0.971311 -0.237752
-0.050249 0.312187 0.948691 0.310591 -0.897906 0.311926 0.949215 0.310329 -0.051843
0.068984 -0.436221 0.897191 0.982290 0.186746 0.015270 -0.174208 0.880248 0.441378
0.411941 0.905822 0.098944 -0.294117 0.029405 0.955317 0.862438 -0.422636 0.278531
0.302421 -0.457425 0.836244 0.235332 0.885997 0.399534 -0.923667 0.075968 0.375592
-0.835864 0.547042 -0.045561 0.235987 0.283159 -0.929587 -0.495622 -0.787760 -0.365777
0.359203 0.909340 -0.209938 0.645939 -0.079881 0.759199 0.673599 -0.408314 -0.616071
-0.967661 0.026487 0.250859 -0.104593 0.862830 -0.494556 -0.229548 -0.504801 -0.832156
0.081545 0.003576 -0.996663 -0.991105 0.105816 -0.080710 0.105175 0.994379 0.012173
0.158287 -0.872159 0.462908 -0.982934 -0.183686 -0.009975 0.093729 -0.453429 -0.886350
0.147011 0.846911 -0.511009 0.648463 0.307591 0.696336 0.746916 -0.433739 -0.503971
0.791065 -0.187063 -0.582429 0.093670 0.977911 -0.186859 0.604518 0.093262 0.791113
0.516370 -0.602556 0.608513 0.582774 -0.273408 -0.765260 0.627484 0.749783 0.209974
0.933949 -0.240783 0.264125 -0.261516 -0.964111 0.045817 0.243614 -0.111863 -0.963400
-0.707494 -0.255179 -0.659042 -0.662643 0.563704 0.493095 0.245677 0.785571 -0.567910
0.032670 -0.292844 0.955602 -0.512000 -0.826035 -0.235634 0.858364 -0.481570 -0.176923
-0.796158 0.514212 0.318934 -0.471870 -0.857572 0.204715 0.378776 0.012491 0.925404
-0.672959 -0.063835 0.736920 -0.294233 -0.890954 -0.345873 0.678641 -0.449584 0.580794
0.250919 -0.948784 0.191960 0.206041 -0.141413 -0.968271 0.945826 0.282509 0.160005
-0.402813 -0.775255 -0.486540 0.741651 -0.587976 0.322860 -0.536373 -0.230791 0.811813
0.341887 -0.907320 -0.244713 0.734250 0.420434 -0.533022 0.586507 0.002553 0.809940
0.246801 -0.954854 0.165358 -0.476738 0.028925 0.878569 -0.843688 -0.295664 -0.448077
0.269606 -0.815392 0.512297 -0.910335 -0.042333 0.411701 -0.314011 -0.577359 -0.753694
0.689186 -0.707798 -0.155064 -0.067519 0.150341 -0.986326 0.721432 0.690232 0.055824
-0.353456 -0.210592 0.911438 -0.099592 0.977264 0.187179 -0.930135 -0.024613 -0.366393
-0.264556 -0.707267 -0.655579 0.902191 0.058634 -0.427332 0.340677 -0.704511 0.622578
0.913694 -0.248153 0.321844 0.166563 -0.493710 -0.853527 0.370703 0.833469 -0.409767
0.640596 -0.743168 -0.193231 -0.759335 -0.650517 -0.015441 -0.114225 0.156619 -0.981032
-0.854783 -0.509760 -0.097418 0.360361 -0.447893 -0.818250 0.373478 -0.734532 0.566549
-0.236363 -0.305641 -0.922343 -0.074111 0.952145 -0.296524 0.968834 -0.001731 -0.247703
-0.618280 0.316456 -0.719434 0.295086 -0.754931 -0.585666 -0.728460 -0.574400 0.373377
-0.612028 -0.316337 -0.724812 0.361880 -0.926954 0.098991 -0.703182 -0.201710 0.681798
0.054086 0.957966 0.281737 0.429797 0.232341 -0.872520 -0.901304 0.168281 -0.399164
0.820224 0.017110 0.571786 0.393351 -0.742610 -0.542038 0.415340 0.669505 -0.615837
0.070324 -0.869052 0.489698 0.255134 -0.458914 -0.851061 0.964345 0.184789 0.189452
0.189909 -0.480589 0.856136 0.981599 0.075230 -0.175510 0.019942 0.873713 0.486033
0.512629 -0.619093 0.594925 -0.840608 -0.503020 0.200872 0.174901 -0.603071 -0.778277
-0.634355 0.669664 -0.386191 0.497226 0.735978 0.459460 0.591912 0.099436 -0.799846
-0.200239 -0.771635 0.603725 0.285234 0.543600 0.789392 -0.937308 0.330270 0.111247
-0.232679 -0.129276 0.963923 0.903883 0.337075 0.263393 -0.358965 0.932560 0.038420
0.827044 -0.500626 -0.255679 -0.561946 -0.724447 -0.399242 0.014645 0.473868 -0.880474
0.298036 0.382472 -0.874580 -0.948932 0.019415 -0.314883 -0.103454 0.923763 0.368726
0.784736 0.558561 0.268701 0.618626 -0.732802 -0.283378 0.038620 0.388603 -0.920596
-0.163945 -0.333429 0.928411 0.964478 -0.251797 0.079883 0.207136 0.908528 0.362866
0.615348 0.484358 0.621887 -0.687466 -0.056235 0.724036 0.385665 -0.873061 0.298375
0.475049 -0.080239 -0.876293 -0.876491 -0.131478 -0.463117 -0.078054 0.988066 -0.132787
0.064891 -0.086351 -0.994149 0.868263 -0.486146 0.098900 -0.491841 -0.869601 0.043429
0.066633 0.764204 0.641524 0.706088 0.418165 -0.571470 -0.704982 0.491051 -0.511731
0.954668 -0.270240 -0.124817 -0.287954 -0.944662 -0.157152 -0.075441 0.185969 -0.979655
-0.636546 0.617603 -0.461927 0.515376 0.786209 0.340973 0.573757 -0.021021 -0.818756
0.265104 -0.952113 -0.152318 0.848608 0.155385 0.505688 -0.457804 -0.263318 0.849164
0.440269 -0.257504 -0.860148 0.341340 -0.838061 0.425607 -0.830452 -0.480984 -0.281076
0.785319 -0.341725 -0.516234 0.557593 0.028093 0.829639 -0.269006 -0.939380 0.212605
0.457958 -0.133370 0.878912 0.323166 -0.896063 -0.304359 0.828154 0.423418 -0.367259
0.286930 0.331931 -0.898606 -0.354944 -0.834444 -0.421566 -0.889767 0.439915 -0.121610
-0.260450 -0.862944 0.433005 0.366417 -0.503277 -0.782593 0.893255 -0.045166 0.447276
0.029578 0.457704 -0.888612 0.144155 -0.881661 -0.449326 -0.989113 -0.114807 -0.092058
0.412361 0.065793 0.908642 0.096527 0.988619 -0.115390 -0.905892 0.135291 0.401318
