1.000000 0.000000 0.000000 0.000000 1.000000 0.000000 0.000000 0.000000 1.000000
0.279565 0.625688 -0.728256 0.576227 -0.716050 -0.393998 -0.767988 -0.309493 -0.560721
-0.523495 -0.443395 -0.727567 -0.781534 0.589989 0.202773 0.339348 0.674769 -0.655385
-0.123767 0.554622 0.822846 0.008499 -0.828599 0.559778 0.992275 0.076275 0.097840
-0.648373 0.639180 0.413596 -0.174390 -0.653505 0.736559 0.741081 0.405438 0.535182
-0.243465 0.051304 -0.968552 0.408714 -0.900181 -0.150420 -0.879590 -0.432483 0.198194
0.954377 -0.101298 0.280897 0.282871 0.608028 -0.741813 -0.095649 0.787427 0.608942
0.503258 0.332360 -0.797664 -0.863403 0.155376 -0.479993 -0.035593 0.930266 0.365155
-0.147026 -0.224236 -0.963380 -0.704392 0.707504 -0.057177 0.694417 0.670191 -0.261972
-0.088946 -0.189380 0.977867 -0.852167 -0.493794 -0.173144 0.515655 -0.848706 -0.117462
0.730425 0.651638 0.204564 0.567260 -0.745616 0.349675 0.380388 -0.139370 -0.914265
-0.685744 0.719916 -0.107129 -0.204714 -0.332018 -0.920791 -0.698461 -0.609496 0.375056
-0.812137 -0.131384 0.568482 0.470672 0.428286 0.771388 -0.344821 0.894041 -0.285988
-0.567130 -0.528591 0.631629 0.469266 -0.837615 -0.279627 0.676870 0.137817 0.723086
0.727195 -0.296090 0.619288 0.370248 -0.590507 -0.717090 0.578017 0.750755 -0.319787
0.595518 0.104480 0.796519 -0.667051 -0.488205 0.562760 0.447662 -0.866452 -0.221042
0.928508 0.235844 0.286793 0.051173 -0.846286 0.530266 0.367769 -0.477680 -0.797852
-0.661650 0.624965 0.414293 -0.669701 -0.244064 -0.701379 -0.337224 -0.741520 0.580024
0.955215 0.112925 -0.273520 -0.197590 -0.444667 -0.873630 -0.220280 0.888549 -0.402440
0.005613 0.031706 -0.999481 0.757068 -0.653128 -0.016467 -0.653311 -0.756584 -0.027669
-0.055074 -0.227607 -0.972194 -0.889301 0.453896 -0.055886 0.453995 0.861495 -0.227409
0.302567 0.934691 -0.186562 0.056072 0.177942 0.982442 0.951477 -0.307716 0.001430
-0.451625 -0.811020 0.371862 -0.838542 0.243467 -0.487413 0.304765 -0.531950 -0.790030
0.187760 0.324382 0.927104 0.946215 -0.312939 -0.082137 0.263483 0.892662 -0.365692
-0.711241 0.700755 0.055484 -0.702936 -0.708549 -0.061963 -0.004108 -0.083072 0.996535
-0.659849 -0.750645 0.033652 0.612398 -0.563195 -0.554779 0.435394 -0.345461 0.831317
-0.294553 -0.908044 0.297815 0.953294 -0.257400 0.158034 -0.066845 0.330455 0.941452
-0.360802 0.696595 0.620143 0.633590 -0.304862 0.711071 0.684387 0.649472 -0.331361
0.951393 0.304960 -0.043018 -0.250435 0.847346 0.468281 0.179258 -0.434746 0.882532
0.005290 -0.964448 -0.264218 0.544006 0.224478 -0.808497 0.839065 -0.139459 0.525853
0.298786 -0.451046 0.841002 0.821492 0.570051 0.013875 -0.485672 0.686731 0.540854
0.447555 -0.877469 -0.172461 0.854198 0.362408 0.372835 -0.264650 -0.314180 0.911730
0.782267 0.622613 0.020281 -0.512229 0.661424 -0.547850 -0.354513 0.418176 0.836331
0.279147 0.869358 -0.407791 -0.412674 0.492066 0.766532 0.867051 -0.045690 0.496120
0.357256 0.575466 -0.735668 -0.923441 0.335765 -0.185795 0.140093 0.745722 0.651363
0.243942 -0.167885 0.955148 -0.950942 -0.234644 0.201624 0.190270 -0.957474 -0.216888
0.970380 -0.113179 -0.213432 0.023726 0.923847 -0.382025 0.240415 0.365645 0.899169
-0.274828 0.709225 0.649207 0.900405 0.426676 -0.084955 -0.337253 0.561202 -0.755852
-0.213630 -0.157240 -0.964177 0.587933 -0.808908 0.001652 -0.780191 -0.566518 0.265254
0.908298 -0.404705 0.105868 -0.159465 -0.101006 0.982023 -0.386736 -0.908852 -0.156280
-0.403766 -0.137966 0.904399 0.595917 0.710417 0.374420 -0.694158 0.690125 -0.204626
-0.460200 0.041965 -0.886823 -0.321744 -0.938864 0.122535 -0.827464 0.341720 0.445567
0.866034 0.315990 -0.387474 0.419139 -0.881348 0.218055 -0.272596 -0.351248 -0.895721
-0.549895 0.722625 0.418843 -0.006943 -0.505405 0.862854 0.835205 0.471571 0.282937
0.857495 0.480578 0.183702 0.489274 -0.651299 -0.580017 -0.159098 0.587243 -0.793621
0.142575 0.883670 -0.445869 -0.895106 0.307376 0.322962 0.422442 0.353053 0.834803
-0.091225 -0.991187 0.096051 -0.978086 0.071055 -0.195702 0.187152 -0.111799 -0.975948
0.405559 -0.054972 -0.912414 0.908364 -0.087109 0.409007 -0.101964 -0.994681 0.014607
-0.705137 0.497570 0.505179 0.705782 0.423971 0.567557 0.068218 0.756751 -0.650134
-0.246799 -0.101675 -0.963718 0.051977 0.991660 -0.117934 0.967672 -0.079197 -0.239456
0.076694 -0.916956 0.391547 0.256673 0.397625 0.880916 -0.963451 0.032939 0.265853
0.101125 0.952125 0.288501 -0.748015 -0.118427 0.653030 0.655932 -0.281840 0.700228
0.660041 0.251994 0.707703 0.296393 -0.952992 0.062903 0.690287 0.168240 -0.703704
-0.289110 0.957053 -0.021585 -0.093215 -0.005704 0.995630 0.952747 0.289858 0.090861
-0.277771 -0.423484 0.862267 -0.942157 -0.055167 -0.330601 0.187573 -0.904222 -0.383665
0.919559 0.288571 -0.266716 -0.014927 -0.652610 -0.757547 -0.392667 0.700591 -0.595806
-0.343909 -0.679754 0.647812 -0.912271 0.405315 -0.059004 -0.222459 -0.611272 -0.759512
-0.718467 0.260627 -0.644887 0.694548 0.318852 -0.644932 0.037537 -0.911267 -0.410102
0.257516 -0.197003 -0.945978 0.003600 -0.978794 0.204817 -0.966267 -0.056149 -0.251346
-0.571355 0.238352 0.785329 0.441139 -0.717717 0.538775 0.692062 0.654271 0.304925
0.722247 0.032653 -0.690864 -0.532789 -0.610665 -0.585853 -0.441017 0.791215 -0.423654
0.368792 -0.736849 -0.566609 -0.085816 0.579982 -0.810097 0.925542 0.347381 0.150659
0.292399 -0.472962 0.831150 -0.549210 -0.794559 -0.258927 0.782861 -0.380766 -0.492084
0.765340 0.574618 0.289947 -0.241962 0.674315 -0.697678 -0.596414 0.463804 0.655116
-0.349120 -0.900689 -0.258602 -0.005728 0.278012 -0.960561 0.937061 -0.333870 -0.102218
-0.426078 -0.278724 -0.860680 -0.762191 0.623099 0.175535 0.487363 0.730794 -0.477930
0.237779 0.867593 -0.436743 -0.289781 -0.365799 -0.884431 -0.927086 0.336859 0.164433
0.258098 0.858006 -0.444084 -0.186610 0.495276 0.848457 0.947925 -0.136115 0.287942
0.669072 0.137737 -0.730323 0.491565 -0.819039 0.295870 -0.557410 -0.556960 -0.615702
-0.966844 -0.232425 0.105788 0.251553 -0.938167 0.237830 0.043970 0.256556 0.965529
-0.475149 -0.070495 0.877077 0.876907 0.044277 0.478616 -0.072574 0.996529 0.040779
-0.549494 -0.620429 0.559576 0.724367 -0.687527 -0.050979 0.416352 0.377325 0.827210
-0.343074 -0.563448 0.751550 -0.888909 -0.063812 -0.453618 0.303548 -0.823684 -0.478961
-0.910389 -0.022478 -0.413142 0.234530 -0.850649 -0.470523 -0.340862 -0.525253 0.779694
0.886329 0.461791 0.034215 -0.380849 0.684955 0.621121 0.263392 -0.563548 0.782968
-0.689812 -0.697854 0.192768 -0.618234 0.706345 0.344766 -0.376757 0.118648 -0.918682
-0.334153 0.782127 -0.525946 -0.010550 -0.561090 -0.827687 -0.942460 -0.271026 0.195741
-0.120402 0.734794 -0.667519 0.241152 0.673918 0.698341 0.962990 -0.076892 -0.258338
-0.181007 -0.028218 -0.983077 0.258236 -0.965878 -0.019823 -0.948973 -0.257454 0.182118
0.099238 0.517490 -0.849915 0.633967 -0.691221 -0.346842 -0.766967 -0.504398 -0.396667
-0.990391 -0.130568 -0.045575 -0.039254 0.581417 -0.812658 0.132605 -0.803061 -0.580955
-0.668463 -0.408832 0.621300 -0.722652 0.554567 -0.412589 -0.175873 -0.724784 -0.666151
-0.532395 -0.137661 0.835228 -0.822816 -0.147592 -0.548809 0.198823 -0.979421 -0.034693
-0.949236 0.308517 0.061390 -0.310509 -0.887737 -0.339864 -0.050356 -0.341674 0.938469
-0.653020 0.649142 -0.390102 -0.584984 -0.759486 -0.284560 -0.480997 0.042380 0.875697
0.789519 0.482171 -0.379698 0.169532 0.423261 0.890005 0.589846 -0.767047 0.252429
0.220893 -0.205402 0.953423 -0.815578 0.497170 0.296065 -0.534826 -0.842990 -0.057700
-0.640180 -0.283927 -0.713831 0.252352 -0.955354 0.153678 -0.725595 -0.081755 0.683248
-0.328438 0.423833 0.844093 -0.203280 0.841008 -0.501381 -0.922391 -0.336260 -0.190062
-0.000706 0.996437 -0.084339 0.779956 -0.052233 -0.623651 -0.625834 -0.066221 -0.777140
-0.394744 0.615199 -0.682428 0.758969 -0.200272 -0.619562 -0.517825 -0.762510 -0.387860
0.824400 0.550705 -0.130722 -0.561827 0.768172 -0.307021 -0.068661 0.326551 0.942682
0.474950 -0.374565 0.796319 -0.853165 -0.417801 0.312333 0.215714 -0.827734 -0.518000
0.915951 -0.033881 -0.399858 0.385958 0.347180 0.854694 0.109865 -0.937186 0.331077
0.805568 0.128748 0.578346 0.239157 0.822402 -0.516196 -0.542092 0.554147 0.631710
-0.171061 0.811370 -0.558943 0.714506 -0.288456 -0.637396 -0.678394 -0.508401 -0.530386
0.747407 0.176865 -0.640392 0.614688 0.181635 0.767572 0.252074 -0.967330 0.027038
-0.543669 0.164482 0.823025 0.522375 0.833840 0.178424 -0.656923 0.526931 -0.539254
-0.693906 0.477589 0.538891 -0.179871 0.609700 -0.771954 -0.697239 -0.632594 -0.337170
-0.737141 0.101613 0.668055 0.441994 -0.675312 0.590419 0.511140 0.730499 0.452888
