1.000000 0.000000 0.000000 0.000000 1.000000 0.000000 0.000000 0.000000 1.000000
0.863185 0.345834 -0.367844 0.216685 -0.911812 -0.348780 -0.456025 0.221356 -0.862000
0.828189 0.397022 -0.395571 0.356820 -0.917804 -0.174112 -0.432183 0.003050 -0.901781
0.042227 0.557207 0.829299 -0.905324 0.372441 -0.204145 -0.422616 -0.742164 0.520180
0.471598 -0.871311 -0.135691 0.880098 0.474669 0.010820 0.054981 -0.124524 0.990692
0.300364 0.631027 -0.715253 -0.336769 0.771744 0.539443 0.892395 0.078846 0.444314
0.874292 0.324763 0.360753 -0.255036 -0.325014 0.910672 0.413002 -0.888198 -0.201331
0.366538 -0.117178 0.922995 -0.201567 0.958476 0.201728 -0.908306 -0.259987 0.327699
-0.754780 0.611649 0.237050 -0.545350 -0.384257 -0.744943 -0.364556 -0.691543 0.623592
-0.236774 0.670848 0.702781 0.065056 -0.710779 0.700401 0.969384 0.211556 0.124651
0.347775 -0.310500 0.884671 -0.234659 -0.942365 -0.238502 0.907738 -0.124651 -0.400592
0.398281 0.278282 -0.874032 0.784728 0.390010 0.481762 0.474947 -0.877754 -0.063042
0.915397 0.236004 -0.326115 0.058524 -0.879531 -0.472229 -0.398276 0.413191 -0.818932
0.521334 0.363688 0.771973 -0.135365 -0.857936 0.495602 0.842548 -0.362872 -0.398040
0.486217 0.770623 0.411988 0.862395 -0.499223 -0.083979 0.140957 0.396128 -0.907311
-0.610395 -0.732179 -0.302212 -0.371783 -0.072070 0.925518 -0.699425 0.677288 -0.228221
0.638690 -0.280178 0.716642 0.082734 0.950958 0.298051 -0.765003 -0.131072 0.630548
-0.385557 -0.665204 0.639414 0.743117 -0.634641 -0.212150 0.546921 0.393364 0.739014
-0.867048 0.131907 -0.480445 -0.353685 0.516220 0.780015 0.350905 0.846238 -0.400934
-0.630988 0.351486 0.691601 -0.553128 0.421259 -0.718743 -0.543971 -0.836062 -0.071393
0.565488 0.264599 0.781160 0.819319 -0.071638 -0.568845 -0.094555 0.961694 -0.257302
0.881851 0.447468 0.148696 -0.045061 0.393879 -0.918057 -0.469370 0.802889 0.367506
-0.797187 0.478678 0.367915 -0.329991 -0.855788 0.398413 0.505568 0.196201 0.840182
0.165101 -0.447318 0.879004 -0.384431 0.791559 0.475024 -0.908270 -0.416343 -0.041276
0.856693 -0.387381 0.340607 -0.413023 -0.119576 0.902837 -0.309013 -0.914132 -0.262437
0.374543 -0.779496 0.502099 0.798428 0.546459 0.252774 -0.471413 0.306215 0.827044
0.582150 -0.204379 -0.786976 0.778789 -0.137971 0.611925 -0.233645 -0.969120 0.078848
0.000593 0.066590 -0.997780 -0.106742 -0.992076 -0.066273 -0.994287 0.106545 0.006520
-0.136804 0.919760 0.367866 0.942735 0.006846 0.333473 0.304197 0.392420 -0.868027
-0.274138 0.947581 -0.164128 0.790413 0.124791 -0.599729 -0.547811 -0.294138 -0.783190
0.591773 -0.579398 0.560449 -0.580557 0.176013 0.794968 -0.559248 -0.795813 -0.232214
-0.697300 0.691124 -0.190052 -0.092396 -0.349602 -0.932331 -0.710799 -0.632555 0.307635
-0.693009 -0.634959 0.341417 -0.016065 0.487063 0.873219 -0.720750 0.599663 -0.347740
0.615606 0.779582 0.115242 0.675651 -0.597394 0.431990 0.405617 -0.188072 -0.894485
0.078482 0.991512 0.103659 0.995031 -0.071519 -0.069267 -0.061266 0.108580 -0.992198
-0.793365 -0.608284 0.023711 0.400198 -0.550524 -0.732642 0.458708 -0.571763 0.680201
0.847841 -0.251589 0.466764 0.528753 0.467257 -0.708584 -0.039827 0.847569 0.529188
0.263623 -0.647025 0.715445 0.479895 -0.555416 -0.679128 0.836782 0.522372 0.164083
-0.578267 -0.192899 -0.792715 0.802845 -0.307329 -0.510871 -0.145078 -0.931847 0.332586
0.741791 0.652401 0.155303 -0.320121 0.547954 -0.772832 -0.589296 0.523564 0.615314
-0.773959 -0.417696 0.475938 -0.621377 0.645733 -0.443756 -0.121974 -0.639186 -0.759318
0.380707 -0.228177 -0.896101 -0.436767 0.809789 -0.391760 0.815044 0.540533 0.208632
-0.985133 0.094197 0.143666 -0.052862 0.629485 -0.775213 -0.163458 -0.771282 -0.615147
-0.016565 -0.875037 0.483773 0.988058 -0.088454 -0.126162 0.153188 0.475906 0.866053
0.459372 0.595560 0.659004 0.376664 -0.802519 0.462697 0.804426 0.035673 -0.592980
-0.491447 -0.859631 0.139693 0.597383 -0.216017 0.772315 -0.633730 0.463002 0.619690
0.314025 -0.295645 -0.902210 0.486446 0.866173 -0.114522 0.815327 -0.402913 0.415815
0.200970 0.979566 -0.007886 -0.496224 0.094859 -0.862997 -0.844614 0.177350 0.505148
0.715720 0.674722 0.180265 0.698346 -0.694224 -0.174258 0.007568 0.250608 -0.968059
-0.907479 0.337534 -0.250106 -0.206478 -0.876844 -0.434178 -0.365854 -0.342366 0.865411
-0.784577 0.505335 0.359271 -0.319948 0.166370 -0.932713 -0.531105 -0.846733 0.031151
-0.072176 -0.565130 0.821838 -0.363565 -0.752388 -0.549302 0.928769 -0.338438 -0.151157
-0.045249 0.715593 -0.697050 0.998083 0.061883 -0.001261 0.042234 -0.695771 -0.717021
0.095445 -0.990549 -0.098499 0.992243 0.102590 -0.070214 0.079655 -0.091033 0.992657
0.973328 -0.023326 -0.228230 0.099847 0.938730 0.329873 0.206552 -0.343862 0.916021
-0.056978 0.081346 -0.995056 0.451316 -0.886928 -0.098349 -0.890543 -0.454688 0.013822
0.687851 0.224922 0.690124 -0.106707 0.971782 -0.210364 -0.717966 0.071058 0.692442
-0.448092 -0.890165 -0.082578 -0.279768 0.051898 0.958664 -0.849084 0.452672 -0.272294
0.447751 0.873040 -0.193186 0.544815 -0.095057 0.833151 0.709011 -0.478295 -0.518206
0.451145 0.430589 0.781704 -0.642778 -0.450866 0.619319 0.619116 -0.781865 0.073367
-0.589038 0.774757 -0.229751 0.742482 0.406643 -0.532317 -0.318990 -0.484141 -0.814772
-0.283252 -0.798475 -0.531230 0.938035 -0.115354 -0.326777 0.199644 -0.590873 0.781672
0.172736 -0.149147 0.973611 0.126390 0.983654 0.128262 -0.976825 0.100899 0.188763
-0.158737 -0.727959 -0.666992 0.948920 0.074090 -0.306695 0.272679 -0.681606 0.679014
-0.302950 0.746715 -0.592147 0.908993 0.039762 -0.414911 -0.286276 -0.663954 -0.690804
0.193347 0.755955 -0.625419 0.809641 0.237111 0.536898 0.554165 -0.610173 -0.566208
0.864660 -0.438949 -0.244307 -0.452297 -0.891866 0.001641 -0.218610 0.109081 -0.969696
-0.896427 -0.375182 -0.235917 0.154708 0.233927 -0.959866 0.415312 -0.896949 -0.151655
0.891866 0.444150 0.085473 -0.442158 0.816367 0.371539 0.095242 -0.369155 0.924475
-0.491583 0.849430 -0.191874 0.870827 0.480148 -0.105441 0.002564 -0.218922 -0.975739
-0.910152 0.349184 -0.222920 0.148395 -0.227595 -0.962382 -0.386784 -0.908995 0.155329
0.689842 -0.011136 -0.723875 0.582756 0.601806 0.546099 0.429551 -0.798564 0.421641
0.507419 0.201334 0.837849 0.766843 -0.548999 -0.332493 0.393036 0.811212 -0.432964
0.178970 -0.654339 -0.734717 -0.215210 0.702653 -0.678206 0.960028 0.279497 -0.015066
-0.783509 0.569719 -0.248058 0.520749 0.384230 -0.762356 -0.339018 -0.726490 -0.597729
-0.657643 -0.737252 -0.154806 0.752877 -0.636099 -0.168979 0.026108 -0.227678 0.973386
-0.053641 -0.957370 0.283840 0.997343 -0.065395 -0.032093 0.049286 0.281364 0.958335
0.356580 0.390511 0.848735 -0.451295 0.867432 -0.209511 -0.818036 -0.308323 0.485545
-0.803917 -0.348665 -0.481820 -0.473491 -0.115023 0.873256 -0.359894 0.930163 -0.072621
-0.484159 -0.812157 0.325562 0.251445 -0.485529 -0.837280 0.838073 -0.323515 0.439286
0.238214 -0.949332 0.204995 -0.409718 0.093141 0.907445 -0.880560 -0.300156 -0.366770
-0.291421 -0.824626 -0.484836 -0.917968 0.098503 0.384228 -0.269087 0.557037 -0.785686
0.630427 0.438566 0.640486 -0.193649 0.887872 -0.417353 -0.751706 0.139081 0.644666
-0.037021 0.042865 0.998395 -0.631703 -0.775148 0.009856 0.774326 -0.630324 0.055774
-0.987137 -0.005926 0.159766 0.032181 0.971494 0.234869 -0.156604 0.236990 -0.958807
-0.761217 0.555457 0.334689 0.114525 -0.392843 0.912446 0.638305 0.732900 0.235426
0.208299 0.375824 0.902977 -0.856468 0.515916 -0.017157 -0.472308 -0.769797 0.429345
0.033679 0.504448 -0.862785 -0.553006 -0.709675 -0.436516 -0.832496 0.491827 0.255062
0.028449 -0.576240 -0.816785 0.315061 -0.770298 0.554417 -0.948645 -0.273110 0.159636
-0.115643 -0.992451 0.040845 0.503446 -0.094011 -0.858897 0.856253 -0.078762 0.510517
-0.178636 -0.826644 -0.533619 -0.395461 -0.436286 0.808248 -0.900944 0.355408 -0.248969
-0.852184 0.506346 -0.131893 0.179817 0.520121 0.834949 0.491373 0.687814 -0.534288
0.503232 0.168407 -0.847583 -0.601423 0.772557 -0.203581 0.620522 0.612204 0.490059
-0.581259 -0.791876 -0.187273 0.159885 0.114514 -0.980471 0.797856 -0.599850 0.060047
0.434087 0.633041 0.640958 -0.856194 0.068626 0.512077 0.280179 -0.771070 0.571796
0.623497 0.777142 0.085445 0.371066 -0.390344 0.842580 0.688158 -0.493641 -0.531749
0.450693 -0.084400 0.888680 -0.791901 0.421698 0.441661 -0.412031 -0.902800 0.123220
-0.920765 0.053368 0.386451 -0.124683 -0.978900 -0.161890 0.369657 -0.197246 0.907991
-0.014875 -0.447734 -0.894043 0.325100 -0.847726 0.419130 -0.945563 -0.284419 0.158168
-0.817598 0.356891 -0.451843 0.018914 0.800960 0.598419 0.575479 0.480720 -0.661613
