1.000000 0.000000 0.000000 0.000000 1.000000 0.000000 0.000000 0.000000 1.000000
0.060944 0.817748 -0.572341 0.871194 -0.323429 -0.369343 -0.487141 -0.476111 -0.732128
0.960702 -0.210393 -0.181070 -0.277503 -0.712420 -0.644554 0.006612 0.669472 -0.742808
0.751587 0.139004 0.644821 -0.648074 -0.026600 0.761113 0.122950 -0.989934 0.070092
0.013805 -0.087994 -0.996025 -0.310687 -0.947192 0.079373 -0.950412 0.308357 -0.040415
0.690501 0.610669 0.387674 -0.678646 0.732397 0.055082 -0.250295 -0.301128 0.920149
0.281509 -0.930772 -0.233272 -0.636723 -0.363066 0.680270 -0.717869 -0.042972 -0.694851
0.047264 0.955665 0.290638 -0.974768 0.107674 -0.195533 -0.218159 -0.274063 0.936641
0.879056 0.045905 -0.474504 -0.196891 0.941454 -0.273677 0.434160 0.334002 0.836628
-0.812849 -0.495433 0.306305 -0.385141 0.851657 0.355453 -0.436970 0.170959 -0.883080
0.402651 -0.319117 0.857926 -0.858271 0.194182 0.475042 -0.318188 -0.927608 -0.195701
0.806900 -0.138217 -0.574290 0.585497 0.315763 0.746650 0.078140 -0.938717 0.335715
-0.864255 0.123362 0.487693 -0.460724 0.195144 -0.865824 -0.201980 -0.972985 -0.111818
0.736399 0.590144 0.330825 -0.335464 0.743154 -0.578953 -0.587520 0.315361 0.745230
-0.426900 -0.846016 -0.319395 -0.747462 0.131326 0.651194 -0.508976 0.516731 -0.688428
0.119634 -0.127218 0.984634 -0.100725 0.985084 0.139514 -0.987695 -0.115868 0.105035
0.267589 -0.412535 0.870753 0.963355 0.131922 -0.233546 -0.018526 0.901339 0.432718
0.608128 0.669578 -0.426434 -0.538265 0.742632 0.398459 0.583482 -0.012780 0.812025
-0.352442 -0.437887 -0.827067 -0.758379 0.651451 -0.021737 0.548312 0.619569 -0.561683
0.076804 -0.976262 -0.202516 0.575673 -0.122419 0.808464 -0.814065 -0.178676 0.552606
0.164816 0.974154 0.154467 0.170613 0.126090 -0.977237 -0.971456 0.187419 -0.145422
-0.079195 0.776232 -0.625453 0.186712 -0.604770 -0.774204 -0.979218 -0.178092 -0.097037
-0.221025 0.788125 -0.574463 -0.638168 -0.562295 -0.525895 -0.737488 0.250368 0.627237
-0.564871 -0.682471 -0.463847 -0.785218 0.617365 0.047888 0.253681 0.391272 -0.884620
0.115908 -0.292511 -0.949212 0.143144 0.950596 -0.275458 0.982891 -0.103946 0.152053
0.969417 0.073020 0.234304 0.124973 0.674778 -0.727363 -0.211215 0.734400 0.645016
-0.747261 -0.466181 -0.473578 -0.418698 -0.223110 0.880292 -0.516035 0.856094 -0.028467
-0.680675 -0.672554 0.290435 0.338487 0.062865 0.938869 -0.649698 0.737373 0.184860
-0.579496 -0.478674 0.659587 -0.472168 -0.462466 -0.750455 0.664260 -0.746322 0.041983
0.225777 0.864712 -0.448662 -0.727611 0.455924 0.512558 0.647771 0.210728 0.732111
-0.105453 -0.861134 -0.497321 -0.975147 0.187544 -0.117968 0.194856 0.472521 -0.859509
-0.655170 0.654651 -0.377073 0.665922 0.736143 0.120997 0.356791 -0.171827 -0.918246
0.535018 0.812640 0.231024 0.607722 -0.560146 0.562947 0.586881 -0.160789 -0.793548
0.458974 -0.858537 0.228598 0.887170 0.429078 -0.169769 0.047666 0.280725 0.958604
-0.990767 0.003048 -0.135543 -0.056658 -0.917573 0.393510 -0.123171 0.397556 0.909273
-0.776603 0.558647 0.291207 -0.086985 -0.552897 0.828697 0.623956 0.618238 0.477975
-0.897680 0.374864 -0.231621 -0.440071 -0.789562 0.427702 -0.022549 0.485869 0.873741
0.899622 0.396764 0.182371 0.380749 -0.508244 -0.772476 -0.213801 0.764374 -0.608294
0.395323 -0.247299 -0.884626 -0.690258 0.555424 -0.463733 0.606023 0.793944 0.048872
0.348986 0.903065 -0.250366 -0.205421 -0.186947 -0.960652 -0.914336 0.386685 0.120267
-0.842684 0.157944 -0.514720 0.005757 0.958592 0.284723 0.538377 0.236968 -0.808700
-0.838704 0.048526 -0.542421 -0.530647 0.151104 0.834015 0.122433 0.987326 -0.100981
-0.374349 0.908574 -0.185354 0.903179 0.311974 -0.294856 -0.210073 -0.277787 -0.937392
-0.312159 -0.939838 0.138783 -0.540736 0.055657 -0.839349 0.781128 -0.337055 -0.525578
0.809185 0.366873 -0.458938 -0.257009 0.923421 0.285027 0.528362 -0.112688 0.841508
-0.443598 -0.684240 -0.578824 0.036544 -0.659118 0.751151 -0.895481 0.312057 0.317388
-0.704439 -0.301005 -0.642776 0.246728 0.745291 -0.619408 0.665500 -0.594926 -0.450746
0.232057 0.941817 0.243167 0.588609 0.063060 -0.805955 -0.774396 0.330157 -0.539728
0.471633 -0.668350 -0.575213 -0.494878 0.339286 -0.799988 0.729834 0.661961 -0.170733
0.364099 0.689208 0.626438 -0.434542 0.720619 -0.540261 -0.823775 -0.075505 0.561866
-0.600504 -0.631156 0.490956 0.658591 -0.738600 -0.143974 0.453490 0.236883 0.859205
-0.750635 -0.294213 0.591596 -0.068751 -0.855743 -0.512813 0.657130 -0.425608 0.622123
0.923022 0.052825 0.381105 0.150984 -0.960806 -0.232501 0.353886 0.272144 -0.894820
0.850971 -0.257249 0.457899 -0.176414 0.681182 0.710542 -0.494699 -0.685430 0.534283
-0.577079 0.785934 -0.222008 0.744348 0.618011 0.253000 0.336045 -0.019250 -0.941649
0.102268 -0.700748 -0.706041 -0.202359 -0.709577 0.674946 -0.973957 0.073849 -0.214370
0.896654 0.402806 0.183734 0.437565 -0.869488 -0.229189 0.067435 0.285899 -0.955884
-0.466347 -0.795507 -0.386895 0.883436 -0.396378 -0.249851 0.045401 -0.458314 0.887630
0.841470 -0.428716 0.328834 -0.143023 0.410158 0.900730 -0.521031 -0.804968 0.283820
-0.835809 0.286424 -0.468385 -0.018911 -0.867642 -0.496829 -0.548694 -0.406397 0.730600
-0.532883 -0.186667 0.825343 -0.614342 0.756087 -0.225646 -0.581911 -0.627286 -0.517583
0.016237 0.995337 -0.095087 -0.844172 -0.037317 -0.534772 -0.535826 0.088953 0.839629
-0.136342 -0.489090 -0.861511 0.925989 0.246141 -0.286283 0.352072 -0.836783 0.419333
0.456209 -0.353239 0.816759 -0.889243 -0.215478 0.403504 0.033460 -0.910380 -0.412418
0.610308 0.129015 0.781588 0.765946 -0.347846 -0.540676 0.202117 0.928632 -0.311112
0.476755 -0.769403 0.425116 -0.839903 -0.541409 -0.037952 0.259362 -0.338963 -0.904343
0.649828 0.382460 -0.656847 0.471311 0.475227 0.742984 0.596314 -0.792391 0.128559
-0.821966 0.548380 -0.153792 -0.341302 -0.258101 0.903824 0.455945 0.795402 0.399313
-0.056227 0.551106 0.832539 0.378095 -0.760000 0.528624 0.924058 0.344502 -0.165639
-0.160810 -0.878549 -0.449769 -0.362836 -0.371168 0.854742 -0.917873 0.300644 -0.259081
0.332096 -0.783842 0.524694 -0.634202 0.226205 0.739337 -0.698212 -0.578293 -0.421992
0.939218 0.235338 0.249972 0.334502 -0.463288 -0.820654 -0.077322 0.854389 -0.513849
-0.569642 0.581581 -0.580751 -0.801636 -0.549061 0.236456 -0.181349 0.600246 0.778985
0.850841 -0.047693 0.523254 0.514011 -0.130881 -0.847740 0.108915 0.990250 -0.086845
-0.427723 0.892874 0.140813 0.619683 0.403061 -0.673450 -0.658063 -0.200791 -0.725697
0.281424 -0.609829 0.740884 -0.932801 0.007283 0.360318 -0.225128 -0.792500 -0.566800
-0.024306 -0.821258 0.570039 -0.766760 -0.350567 -0.537756 0.641473 -0.450154 -0.621187
0.091415 -0.906557 0.412066 0.946207 0.208050 0.247804 -0.310379 0.367247 0.876809
0.962055 -0.066924 0.264520 -0.091823 -0.992319 0.082899 0.256941 -0.104043 -0.960810
-0.638611 0.627977 0.444770 0.665840 0.740677 -0.089744 -0.385789 0.238834 -0.891137
0.686304 0.721528 -0.091564 -0.149665 0.016903 -0.988592 -0.711750 0.692178 0.119588
0.268953 -0.822776 0.500703 0.366278 0.568173 0.736899 -0.890789 -0.014795 0.454177
-0.976910 -0.046131 0.208610 -0.192329 -0.235304 -0.952702 0.093035 -0.970827 0.220998
0.941551 -0.317506 0.112564 -0.330270 -0.804228 0.494105 -0.066354 -0.502401 -0.862085
-0.511754 0.131681 0.848980 0.847007 -0.088102 0.524230 0.143829 0.987369 -0.066448
-0.173691 -0.287872 0.941786 -0.960317 -0.162404 -0.226750 0.218225 -0.943798 -0.248240
0.560091 -0.319405 0.764382 0.262336 0.943584 0.202063 -0.785798 0.087352 0.612284
-0.614695 -0.741715 -0.268343 0.675098 -0.670670 0.307319 -0.407913 0.007750 0.912988
0.247777 -0.026053 0.968467 -0.360734 0.925278 0.117183 -0.899154 -0.378394 0.219865
0.428253 -0.901118 0.067722 0.900993 0.431541 0.044548 -0.069368 0.041939 0.996709
0.671576 -0.122803 0.730688 -0.348457 0.817957 0.457738 -0.653883 -0.562019 0.506529
0.569552 -0.698434 0.433360 -0.808822 -0.382359 0.446775 -0.146344 -0.604973 -0.782682
0.277667 -0.193852 -0.940916 -0.589676 -0.807604 -0.007628 -0.758408 0.556954 -0.338555
-0.670162 0.736606 0.091074 0.406541 0.466962 -0.785284 -0.620973 -0.489242 -0.612401
-0.045477 -0.982050 0.183058 0.941697 -0.103297 -0.320213 0.333374 0.157823 0.929491
-0.942445 -0.188394 0.276234 -0.189837 -0.378594 -0.905885 0.275244 -0.906187 0.321040
0.322352 -0.946599 0.006284 0.490214 0.161250 -0.856556 0.809802 0.279193 0.516015
0.782573 -0.536445 -0.315920 -0.161934 -0.665387 0.728724 -0.601130 -0.519121 -0.607582
-0.077496 -0.280088 0.956841 -0.630984 -0.729285 -0.264581 0.771916 -0.624255 -0.120215
0.297709 0.139857 -0.944357 -0.892204 -0.311150 -0.327348 -0.339619 0.940014 0.032149
