1.000000 0.000000 0.000000 0.000000 1.000000 0.000000 0.000000 0.000000 1.000000
-0.956479 0.042862 -0.288635 0.285595 0.340398 -0.895860 0.059853 -0.939304 -0.337825
0.111521 -0.559751 -0.821122 -0.633726 -0.676523 0.375110 -0.765476 0.478534 -0.430176
-0.886943 0.368728 -0.278159 -0.459678 -0.645961 0.609451 0.045042 0.668412 0.742426
0.299870 -0.807058 0.508660 -0.489968 0.327203 0.808003 -0.818541 -0.491523 -0.297314
0.433828 -0.762577 -0.479865 -0.765493 -0.031060 -0.642694 0.475199 0.646152 -0.597222
0.621293 0.734693 0.272436 -0.628158 0.674829 -0.387328 -0.468415 0.069512 0.880770
-0.707193 -0.021640 0.706689 -0.612504 -0.480509 -0.627654 0.353153 -0.876723 0.326558
-0.046007 0.995838 0.078676 -0.313647 -0.089177 0.945343 0.948424 0.018816 0.316445
-0.647327 -0.628315 0.431496 -0.042000 0.594653 0.802885 -0.761055 0.501606 -0.411324
-0.854353 0.402033 0.329318 0.359304 -0.000880 0.933220 0.375475 0.915625 -0.143700
-0.756182 0.638227 -0.144414 -0.583107 -0.757374 -0.293888 -0.296942 -0.138024 0.944868
-0.453228 -0.299755 0.839483 -0.890581 0.112038 -0.440810 0.038081 -0.947415 -0.317735
-0.732959 0.037884 0.679217 0.558734 0.603083 0.569305 -0.388057 0.796778 -0.463202
0.150751 -0.836755 0.526417 0.962886 0.244883 0.113504 -0.223886 0.489768 0.842616
0.102991 -0.657468 -0.746411 0.517393 -0.605484 0.604725 -0.849528 -0.448469 0.277810
-0.793864 0.579056 0.185669 -0.538693 -0.811330 0.227052 0.282115 0.080230 0.956020
-0.941981 -0.082458 0.325381 -0.221661 -0.575131 -0.787459 0.252069 -0.813895 0.523484
0.312477 0.949903 0.006441 0.909825 -0.297330 -0.289507 -0.273088 0.096325 -0.957154
-0.107704 -0.067661 -0.991878 0.219244 0.971503 -0.090078 0.969707 -0.227165 -0.089800
0.222234 0.845325 0.485838 -0.222000 -0.441338 0.869446 0.949383 -0.301076 0.089581
-0.637232 -0.051410 -0.768956 0.770660 -0.048088 -0.635429 -0.004311 -0.997519 0.070263
0.558679 -0.431277 0.708434 0.692483 0.712647 -0.112257 -0.456449 0.553294 0.696793
-0.058065 0.074773 0.995509 0.679101 0.733881 -0.015513 -0.731745 0.675150 -0.093391
-0.867284 -0.219805 -0.446659 0.098386 -0.955227 0.279038 -0.487994 0.198061 0.850079
0.262121 0.747222 0.610698 0.144859 -0.656120 0.740623 0.954101 -0.105668 -0.280224
0.865815 0.304255 -0.397231 -0.373769 -0.134525 -0.917714 -0.332656 0.943044 -0.002752
-0.886342 -0.401560 0.230539 0.047548 -0.574193 -0.817338 0.460584 -0.713479 0.528024
-0.831166 -0.516350 -0.206268 -0.535112 0.843611 0.044448 0.151060 0.147320 -0.977485
0.292640 0.896596 0.332381 0.773009 -0.017210 -0.634161 -0.562866 0.442515 -0.698113
0.976141 -0.217127 0.002200 0.143882 0.654375 0.742355 -0.162625 -0.724326 0.670003
0.077057 -0.875242 0.477508 -0.633193 -0.412908 -0.654655 0.770148 -0.251909 -0.586015
0.412721 -0.909647 -0.046944 -0.504737 -0.185497 -0.843108 0.758223 0.371663 -0.535691
-0.120534 0.736939 -0.665126 -0.939863 -0.300408 -0.162520 -0.319577 0.605538 0.728831
-0.449829 -0.838953 -0.306286 -0.464180 0.512598 -0.722344 0.763015 -0.182759 -0.620006
0.682009 -0.721153 0.121658 0.440693 0.272483 -0.855302 0.583654 0.636938 0.503644
0.627059 0.669475 0.398246 0.625798 -0.737387 0.254239 0.463868 0.089798 -0.881342
-0.228730 0.938944 -0.257035 -0.407417 0.147470 0.901257 0.884135 0.310865 0.348811
0.547173 0.645789 0.532502 0.274579 0.462496 -0.843033 -0.790701 0.607499 0.075745
-0.585901 -0.253581 0.769686 0.725504 0.259034 0.637609 -0.361061 0.931986 0.032205
-0.054910 -0.682703 0.728630 0.619912 -0.595367 -0.511124 0.782748 0.423620 0.455907
0.594749 -0.801171 0.066325 -0.801025 -0.597578 -0.035484 0.068063 -0.032024 -0.997167
-0.817710 0.232792 -0.526459 0.360657 0.920002 -0.153370 0.448640 -0.315283 -0.836253
0.257115 0.565385 -0.783730 0.289200 0.728811 0.620643 0.922093 -0.386231 0.023879
-0.853628 0.520210 0.026478 -0.520809 -0.853261 -0.026528 0.008792 -0.036435 0.999297
-0.255955 0.462178 -0.849046 0.674249 0.714746 0.185811 0.692730 -0.524909 -0.494566
-0.881536 0.410951 -0.232408 0.216620 0.789464 0.574301 0.419487 0.455923 -0.784961
-0.234465 0.667931 0.706324 0.510792 0.702842 -0.495080 -0.827114 0.244706 -0.505966
-0.025598 0.155010 0.987581 0.242409 -0.957458 0.156565 0.969836 0.243406 -0.013067
0.370412 -0.602155 0.707251 0.635200 0.719757 0.280126 -0.677729 0.345483 0.649096
0.524266 0.301481 0.796401 -0.523859 0.851508 0.022511 -0.671355 -0.429004 0.604350
0.220315 0.414918 -0.882782 -0.953991 0.280354 -0.106317 0.203379 0.865589 0.457594
0.346297 -0.626476 -0.698288 0.705436 0.664571 -0.246384 0.618415 -0.407276 0.672078
-0.443886 0.849928 0.283878 -0.379624 0.108600 -0.918745 -0.811696 -0.515585 0.274447
0.526241 0.822750 0.214831 -0.844629 0.534973 0.020148 -0.098353 -0.192055 0.976443
-0.874392 0.461948 0.148467 0.484506 0.814636 0.318781 0.026314 0.350672 -0.936128
0.962398 0.098574 -0.253127 0.045362 0.860434 0.507539 0.267829 -0.499937 0.823608
-0.395371 -0.130639 -0.909184 -0.804211 0.527451 0.273934 0.443764 0.839481 -0.313601
0.744690 -0.662524 -0.080614 0.482660 0.451183 0.750649 -0.460951 -0.597910 0.655765
-0.009931 0.592743 0.805331 -0.128801 0.797903 -0.588864 -0.991621 -0.109575 0.068422
0.823398 -0.468514 -0.320172 0.287398 0.830804 -0.476621 0.489304 0.300433 0.818732
-0.802669 0.594369 0.049489 -0.575875 -0.750747 -0.323647 -0.155212 -0.288281 0.944883
-0.699972 -0.088468 0.708670 -0.401514 0.869374 -0.288055 -0.590615 -0.486171 -0.644058
0.220359 -0.567357 0.793441 0.966908 0.234276 -0.101014 -0.128573 0.789443 0.600207
-0.569530 -0.820740 0.044958 -0.632617 0.402751 -0.661504 0.524816 -0.405187 -0.748593
0.214170 0.295596 0.930997 0.907789 -0.412114 -0.077983 0.360625 0.861850 -0.356601
0.955044 0.173741 0.240218 -0.258974 0.094524 0.961248 0.144302 -0.980244 0.135269
0.773121 -0.632923 0.041134 -0.272917 -0.390511 -0.879214 0.572538 0.668513 -0.474648
0.025963 -0.989921 -0.139218 -0.995604 -0.013069 -0.092745 0.089990 0.141014 -0.985909
-0.170938 0.493266 0.852918 0.093029 -0.853711 0.512370 0.980880 0.166929 0.100044
-0.074226 0.320218 0.944432 -0.355139 -0.893443 0.275018 0.931862 -0.314991 0.180039
0.788552 -0.555210 -0.264437 0.487890 0.826579 -0.280589 0.374364 0.092242 0.922682
0.233507 0.023918 -0.972061 0.892311 -0.402472 0.204447 -0.386337 -0.915120 -0.115322
-0.567497 -0.365197 -0.737955 -0.720553 0.653976 0.230477 0.398435 0.662531 -0.634273
-0.256928 -0.826700 -0.500555 0.524732 -0.554278 0.646090 -0.811569 -0.096659 0.576206
-0.329259 0.319542 -0.888528 0.937845 0.001342 -0.347051 -0.109705 -0.947571 -0.300122
0.884025 -0.028410 -0.466576 0.404206 -0.454861 0.793548 -0.234772 -0.890109 -0.390626
0.158076 0.939715 -0.303229 -0.544596 0.339132 0.767076 0.823667 0.043881 0.565374
0.721612 0.584816 -0.370495 0.001820 -0.536768 -0.843728 -0.692295 0.608170 -0.388402
0.714510 -0.579028 0.392684 0.276177 0.749131 0.602103 -0.642807 -0.321759 0.695177
-0.108155 0.832298 -0.543676 0.274886 0.550599 0.788212 0.955374 -0.064200 -0.288337
0.161342 0.981059 0.107205 -0.978914 0.145300 0.143580 0.125283 -0.128110 0.983815
0.480780 -0.144480 0.864856 -0.873883 -0.159896 0.459087 0.071958 -0.976503 -0.203134
0.482513 -0.217639 0.848419 0.056950 0.974383 0.217563 -0.874035 -0.056659 0.482547
-0.538269 0.016963 0.842603 0.808350 0.293216 0.510485 -0.238405 0.955896 -0.171541
0.016601 0.895370 0.445013 -0.963290 -0.104951 0.247098 0.267949 -0.432778 0.860759
-0.194552 0.866961 0.458833 0.183678 -0.427297 0.885257 0.963541 0.256507 -0.076110
-0.866140 -0.455042 -0.206735 -0.368047 0.860541 -0.352151 0.338147 -0.228924 -0.912825
-0.429157 0.185872 0.883898 0.100721 -0.962645 0.251335 0.897596 0.196889 0.394405
0.599689 -0.294278 -0.744160 -0.359008 0.732158 -0.578842 0.715183 0.614285 0.333419
-0.850154 -0.441806 -0.286437 0.143779 -0.718121 0.680903 -0.506523 0.537689 0.674036
0.070523 -0.717859 0.692607 -0.391407 0.618737 0.681150 -0.917511 -0.319128 -0.237340
0.545049 0.798639 0.255141 -0.247668 -0.137363 0.959058 0.800988 -0.585924 0.122927
-0.299388 -0.397460 0.867406 0.774554 0.429629 0.464203 -0.557165 0.810830 0.179229
0.826237 -0.562863 0.022752 0.325987 0.444803 -0.834196 0.459418 0.696660 0.550999
0.951397 -0.274679 -0.139269 -0.305235 -0.780918 -0.544976 0.040935 0.560998 -0.826804
-0.014840 0.900319 -0.434978 -0.851019 0.217009 0.478199 0.524926 0.377271 0.762968
0.856476 0.425325 0.292485 0.046073 -0.627354 0.777370 0.514127 -0.652323 -0.556910
-0.502341 0.840436 0.203273 0.361593 0.417730 -0.833518 -0.785432 -0.345209 -0.513739
0.333193 0.842309 0.423672 0.897498 -0.145642 -0.416275 -0.288928 0.518945 -0.804498
