1.000000 0.000000 0.000000 0.000000 1.000000 0.000000 0.000000 0.000000 1.000000
-0.636376 -0.222557 -0.738576 -0.428657 -0.693997 0.578465 -0.641311 0.684716 0.346243
0.804754 -0.573855 0.151861 0.535408 0.591225 -0.603151 0.256337 0.566696 0.783037
-0.880512 -0.144003 0.451622 -0.118184 -0.855962 -0.503350 0.459055 -0.496580 0.736666
-0.715399 0.512198 0.475245 0.328143 0.846784 -0.418663 -0.616868 -0.143563 -0.773862
0.902307 -0.427640 -0.054465 0.424442 0.903374 -0.061358 0.075441 0.032246 0.996629
0.959021 -0.259892 -0.112846 -0.078495 0.138986 -0.987179 0.272244 0.955583 0.112890
0.025456 0.233598 0.972000 -0.974102 -0.212725 0.076634 0.224670 -0.948778 0.222134
-0.358354 -0.139537 -0.923099 -0.528482 0.845412 0.077367 0.769603 0.515566 -0.376699
-0.385461 -0.602830 0.698582 -0.867714 -0.020684 -0.496633 0.313835 -0.797602 -0.515111
-0.964038 0.083671 -0.252249 0.216801 -0.301379 -0.928530 -0.153713 -0.949826 0.272401
-0.347729 0.674218 -0.651548 -0.118306 -0.720911 -0.682855 -0.930101 -0.160366 0.330446
0.818524 0.251596 -0.516448 -0.517546 0.713135 -0.472848 0.249330 0.654323 0.713930
0.785991 0.025388 0.617716 -0.270770 -0.884095 0.380868 0.555789 -0.466617 -0.688017
0.953450 0.283706 0.102196 -0.157077 0.756553 -0.634787 -0.257410 0.589185 0.765899
-0.679176 -0.275320 -0.680382 -0.733806 0.234771 0.637504 -0.015783 0.932245 -0.361482
-0.348737 0.393101 -0.850796 -0.731321 0.453589 0.509340 0.586134 0.799831 0.129299
-0.388037 0.721369 0.573632 0.903003 0.173028 0.393251 0.184425 0.670588 -0.718540
0.884171 -0.236811 0.402694 -0.462315 -0.319663 0.827092 -0.067138 -0.917462 -0.392118
0.165450 0.982275 0.088109 0.292372 0.036471 -0.955609 -0.941884 0.183866 -0.281155
-0.865429 -0.500999 0.005742 -0.256192 0.452339 0.854257 -0.430579 0.737827 -0.519819
0.746686 0.460164 -0.480322 -0.663286 0.460679 -0.589768 -0.050116 0.758962 0.649203
-0.334120 0.702057 0.628871 -0.464753 -0.703181 0.538091 0.819981 -0.112483 0.561230
0.928818 -0.370530 0.001944 -0.211851 -0.535342 -0.817636 0.303999 0.759023 -0.575733
-0.193417 -0.769646 -0.608470 0.051096 0.611437 -0.789641 0.979785 -0.183820 -0.078937
-0.709049 0.539625 -0.453933 0.046502 -0.606547 -0.793687 -0.703624 -0.583871 0.404978
0.288075 0.840782 -0.458365 0.280371 0.383628 0.879899 0.915645 -0.381989 -0.125217
-0.869593 0.395347 -0.295820 0.373830 0.135735 -0.917511 -0.322582 -0.908447 -0.265827
-0.537448 -0.841955 0.047542 0.838925 -0.528079 0.131674 -0.085758 0.110653 0.990152
-0.166456 0.871271 -0.461713 0.902561 -0.053936 -0.427171 -0.397085 -0.487829 -0.777397
-0.961604 0.028330 -0.272976 0.271541 0.242450 -0.931388 0.039797 -0.969750 -0.240833
-0.219378 -0.209303 -0.952925 0.974909 -0.084823 -0.205808 -0.037754 -0.974165 0.222660
0.663889 -0.431865 0.610528 -0.626847 0.123844 0.769237 -0.407817 -0.893395 -0.188495
0.509346 -0.142867 0.848620 -0.767722 0.370098 0.523097 -0.388806 -0.917942 0.078825
0.932818 0.008140 -0.360256 -0.117127 0.952309 -0.281762 0.340781 0.305028 0.889284
-0.448176 0.889390 0.090137 -0.194629 -0.195491 0.961199 0.872501 0.413243 0.260715
0.876394 -0.462265 0.135077 -0.042718 0.204755 0.977881 -0.479697 -0.862779 0.159699
-0.719853 -0.666114 0.195201 0.593537 -0.736503 -0.324464 0.359896 -0.117707 0.925537
-0.120380 -0.787934 -0.603878 -0.989722 0.142555 0.011293 0.077188 0.599031 -0.796996
0.190983 0.873667 -0.447473 0.310085 -0.486218 -0.816969 -0.931329 0.017273 -0.363770
-0.853457 0.521065 0.010112 0.288465 0.488462 -0.823525 -0.434049 -0.699926 -0.567190
0.012751 -0.668812 -0.743322 0.928918 0.283047 -0.238740 0.370067 -0.687441 0.624880
0.881709 -0.000998 0.471793 -0.450134 0.297739 0.841862 -0.141311 -0.954647 0.262070
-0.442248 0.392836 0.806286 0.838164 -0.138937 0.527426 0.319215 0.909053 -0.267816
0.546268 -0.829117 -0.118979 0.085920 0.196763 -0.976679 0.833192 0.523306 0.178723
0.759402 -0.590762 0.272597 -0.299783 -0.689566 -0.659264 0.577441 0.418926 -0.700758
-0.970549 0.223708 0.089388 -0.225639 -0.974137 -0.011993 0.084393 -0.031809 0.995925
-0.223005 -0.030755 0.974332 0.890218 0.400850 0.216406 -0.397217 0.915627 -0.062013
0.904252 -0.272507 -0.328737 -0.118174 -0.899518 0.420598 -0.410321 -0.341478 -0.845594
-0.583994 -0.714292 -0.385666 -0.645404 0.696723 -0.313098 0.492346 0.066062 -0.867889
-0.493728 -0.835834 -0.240029 0.843797 -0.527218 0.100240 -0.210331 -0.153044 0.965577
0.904843 0.423601 0.042680 0.340132 -0.658952 -0.670890 -0.256066 0.621566 -0.740328
0.133224 -0.977105 -0.165882 -0.523169 -0.211487 0.825571 -0.841752 -0.023202 -0.539366
-0.884114 -0.171939 0.434487 0.425506 0.088002 0.900666 -0.193096 0.981169 -0.004643
0.685714 0.557243 0.468269 -0.703865 0.671517 0.231602 -0.185392 -0.488411 0.852692
-0.739192 -0.666709 -0.095370 -0.530363 0.488954 0.692560 -0.415104 0.562515 -0.715028
-0.688033 -0.535512 0.489732 0.121806 -0.750509 -0.649538 0.715383 -0.387252 0.581604
0.704932 -0.193791 -0.682287 -0.618367 -0.639090 -0.457369 -0.347408 0.744318 -0.570349
0.046650 -0.081920 -0.995547 -0.516712 -0.854915 0.046135 -0.854887 0.512259 -0.082211
0.588381 -0.489058 -0.643918 -0.532671 -0.833569 0.146369 -0.608333 0.256876 -0.750963
-0.149919 0.944822 -0.291266 0.573959 -0.156705 -0.803751 -0.805044 -0.287672 -0.518796
0.117441 0.303495 0.945568 -0.716371 0.685314 -0.130988 -0.687765 -0.661994 0.297899
-0.260986 0.714574 0.649054 -0.565304 0.431881 -0.702788 -0.782508 -0.550330 0.291236
-0.909975 0.397631 0.117624 0.151843 0.583488 -0.797800 -0.385862 -0.708118 -0.591337
-0.960399 0.272671 0.057300 -0.215451 -0.857165 0.467813 0.176675 0.436942 0.881968
0.564293 0.817521 -0.115032 -0.320797 0.345517 0.881877 0.760699 -0.460736 0.457231
0.459954 -0.568413 -0.682165 -0.865015 -0.460290 -0.199706 -0.200478 0.681938 -0.703398
0.432040 0.500534 0.750205 -0.895090 0.136293 0.424545 0.110251 -0.854921 0.506907
0.482520 -0.644793 0.592804 0.774186 -0.002570 -0.632953 0.409647 0.764353 0.497949
0.398943 0.855426 0.330288 -0.017078 0.367062 -0.930040 -0.916817 0.365392 0.161045
-0.009134 0.990868 -0.134527 -0.209631 0.129646 0.969148 0.977738 0.037053 0.206532
-0.399704 0.256998 0.879880 0.469319 0.881912 -0.044393 -0.787386 0.395200 -0.473117
-0.096985 0.240623 0.965761 0.572343 0.807330 -0.143672 -0.814259 0.538812 -0.216017
0.385178 0.688422 0.614583 -0.622708 -0.297616 0.723644 0.681082 -0.661437 0.314051
-0.612722 0.075496 -0.786685 0.786748 0.152526 -0.598133 0.074833 -0.985412 -0.152852
0.794808 0.547191 0.262417 0.441340 -0.224391 -0.868831 -0.416532 0.806369 -0.419845
-0.626713 -0.745908 0.225501 0.753561 -0.653813 -0.068368 0.198432 0.127082 0.971841
-0.815781 -0.412110 0.405791 -0.559715 0.385824 -0.733389 0.145673 -0.825412 -0.545412
0.421864 -0.878311 0.224947 0.629838 0.462364 0.624119 -0.652178 -0.121613 0.748248
0.800934 -0.531955 -0.274825 0.579847 0.574679 0.577513 -0.149275 -0.621906 0.768732
-0.919849 0.361564 0.152151 0.384368 0.753276 0.533701 0.078355 0.549406 -0.831874
0.723974 0.386910 -0.571107 -0.041269 -0.802122 -0.595732 -0.688592 0.454863 -0.564748
0.645471 -0.080720 -0.759508 0.720443 -0.265870 0.640528 -0.253634 -0.960623 -0.113458
0.807701 -0.434440 0.398599 0.191999 0.833017 0.518863 -0.557455 -0.342555 0.756241
0.591846 -0.632058 -0.500221 -0.261243 0.436671 -0.860854 0.762542 0.640172 0.093321
0.352832 -0.934465 -0.047800 -0.931599 -0.346061 -0.111200 0.087371 0.083765 -0.992648
0.471378 -0.838278 0.274031 -0.116991 0.248536 0.961532 -0.874137 -0.485304 0.019083
-0.381347 -0.548466 0.744150 0.225644 -0.835859 -0.500425 0.896471 -0.022923 0.442510
-0.404860 -0.746505 -0.528033 0.794784 -0.001766 -0.606890 0.452114 -0.665377 0.594025
0.195985 0.830763 -0.520982 0.790462 0.180566 0.585291 0.580309 -0.526525 -0.621299
-0.281029 -0.102158 0.954246 -0.959317 0.057950 -0.276319 -0.027071 -0.993079 -0.114288
-0.839182 0.047426 -0.541779 -0.265207 0.834029 0.483798 0.474804 0.549678 -0.687325
-0.988400 0.014634 0.151168 -0.128812 -0.608069 -0.783364 0.080457 -0.793749 0.602901
-0.125468 -0.712186 -0.690687 0.636900 0.475965 -0.606478 0.760668 -0.515992 0.393873
0.772216 0.630350 -0.079632 0.574180 -0.638694 0.512238 0.272029 -0.441281 -0.855144
0.063825 -0.950642 -0.303655 -0.693676 -0.261010 0.671332 -0.717454 0.167790 -0.676096
0.144884 -0.923903 -0.354136 0.971700 0.200346 -0.125142 0.186568 -0.325983 0.926783
0.866221 0.322490 0.381655 0.289198 -0.946472 0.143369 0.407461 -0.013816 -0.913118
-0.916846 -0.262853 0.300504 0.337267 -0.912717 0.230649 0.213648 0.312820 0.925472
0.169700 0.882491 0.438647 0.830068 -0.367921 0.419071 0.531214 0.292990 -0.794965
