1.000000 0.000000 0.000000 0.000000 1.000000 0.000000 0.000000 0.000000 1.000000
-0.441106 -0.564843 0.697408 -0.026530 0.784963 0.618975 -0.897063 0.254531 -0.361237
0.458134 -0.314023 0.831567 -0.518311 0.665639 0.536916 -0.722127 -0.676990 0.142190
0.754036 0.223774 0.617539 0.477083 -0.832807 -0.280756 0.451465 0.506317 -0.734726
-0.628559 -0.280402 -0.725457 -0.771065 0.346798 0.534031 0.101844 0.895045 -0.434191
-0.581461 0.671556 0.459256 0.799413 0.576469 0.169180 -0.151133 0.465507 -0.872045
-0.110659 -0.762213 0.637797 0.978603 0.028442 0.203780 -0.173464 0.646701 0.742757
0.330606 0.486618 -0.808642 0.283195 0.766187 0.576851 0.900278 -0.419714 0.115499
0.628522 0.768364 -0.120730 -0.687367 0.621359 0.376084 0.363986 -0.153392 0.918687
-0.682462 -0.655682 -0.322996 -0.199884 -0.257637 0.945341 -0.703059 0.709721 0.044767
-0.817948 0.285232 -0.499604 0.197406 -0.676549 -0.709445 -0.540363 -0.678914 0.497075
0.220184 0.974035 -0.052679 0.598032 -0.177457 -0.781580 -0.770634 0.140588 -0.621577
-0.409608 -0.214717 -0.886633 -0.825940 -0.325395 0.460370 -0.387355 0.920877 -0.044059
0.247030 0.754988 -0.607429 -0.926467 0.000321 -0.376377 -0.283965 0.655739 0.699550
0.736157 0.470293 -0.486721 -0.158717 0.819043 0.551342 0.657938 -0.328623 0.677587
-0.669829 0.741708 -0.034633 0.079191 0.024984 -0.996546 -0.738281 -0.670258 -0.075471
0.987111 -0.063506 0.146899 -0.147775 -0.009301 0.988977 -0.061439 -0.997938 -0.018566
-0.009827 0.994958 0.099807 0.999921 0.010556 -0.006783 -0.007802 0.099733 -0.994984
-0.705267 -0.652620 -0.276922 0.544044 -0.247780 -0.801637 0.454548 -0.716026 0.529805
0.798137 -0.586976 0.135781 0.207887 0.056784 -0.976503 0.565474 0.807610 0.167346
-0.581853 -0.583844 -0.566192 0.698991 -0.003104 -0.715124 0.415763 -0.811860 0.409908
0.053280 0.524979 0.849446 0.993764 -0.111319 0.006466 0.097954 0.843804 -0.527636
-0.762458 -0.276281 0.585086 0.487263 0.349775 0.800145 -0.425714 0.895168 -0.132067
0.098569 -0.871876 0.479704 -0.657986 -0.418739 -0.625869 0.746551 -0.253948 -0.614957
0.010457 0.733688 -0.679406 -0.770086 -0.427501 -0.473509 -0.637855 0.528152 0.560533
-0.772704 0.502851 -0.387387 -0.026604 0.584092 0.811252 0.634209 0.637164 -0.437952
-0.031485 -0.234121 0.971698 -0.553361 0.813675 0.178117 -0.832346 -0.532091 -0.155172
0.578669 -0.007459 0.815529 0.579640 -0.699681 -0.417690 0.573725 0.714417 -0.400560
-0.519897 -0.748053 0.412461 -0.636740 0.661236 0.396646 -0.569447 -0.056415 -0.820090
-0.160138 0.738161 0.655343 -0.982828 -0.057572 -0.175313 -0.091680 -0.672163 0.734705
0.024847 -0.065147 -0.997566 0.987608 0.156281 0.014393 0.154963 -0.985562 0.068223
-0.949976 0.011074 -0.312127 -0.217889 0.692499 0.687728 0.223764 0.721334 -0.655444
0.147816 -0.356072 0.922694 -0.689236 -0.706171 -0.162099 0.709299 -0.611993 -0.349800
-0.031533 -0.156377 0.987194 -0.785752 -0.606556 -0.121180 0.617738 -0.779510 -0.103747
0.208648 0.147901 -0.966743 0.836561 -0.539022 0.098087 -0.506589 -0.829205 -0.236194
-0.683909 -0.635915 0.357605 0.649136 -0.754126 -0.099581 0.333004 0.164030 0.928548
0.057572 0.998315 -0.007310 -0.062060 -0.003729 -0.998065 -0.996411 0.057914 0.061741
-0.762833 -0.566334 0.312012 -0.522395 0.255441 -0.813544 0.381037 -0.783592 -0.490709
0.243246 0.899212 0.363661 -0.965006 0.262211 -0.002886 -0.097951 -0.350233 0.931527
-0.512666 -0.858588 0.000456 -0.258185 0.153656 -0.953798 0.818849 -0.489097 -0.300449
-0.844732 -0.191854 -0.499620 0.448939 -0.762213 -0.466353 -0.291345 -0.618242 0.729996
0.743341 -0.663236 0.086963 0.603007 0.608145 -0.516277 0.289527 0.436209 0.851995
0.344940 0.777604 0.525689 -0.845935 0.500221 -0.184857 -0.406706 -0.380934 0.830349
0.163186 -0.688145 -0.706984 0.781864 -0.346838 0.518066 -0.601713 -0.637307 0.481437
0.601004 0.126433 0.789183 -0.751506 -0.246754 0.611843 0.272091 -0.960795 -0.053285
-0.146056 0.102237 -0.983979 -0.965541 0.201840 0.164290 0.215403 0.974068 0.069235
0.344796 0.475345 0.809421 -0.835571 0.548334 0.033917 -0.427711 -0.688024 0.586248
-0.449332 -0.541243 0.710744 0.820082 -0.565463 0.087847 0.354353 0.622341 0.697944
0.949501 -0.134854 -0.283305 -0.257220 -0.851621 -0.456704 -0.179681 0.506513 -0.843303
0.292738 -0.807948 0.511394 -0.801674 0.084125 0.591812 -0.521174 -0.583218 -0.623085
0.088837 -0.747923 -0.657814 0.499312 -0.538011 0.679140 -0.861856 -0.388787 0.325651
0.453164 -0.862005 0.227131 0.775591 0.255663 -0.577144 0.439432 0.437702 0.784421
-0.399033 0.520713 -0.754739 -0.436237 0.616181 0.655758 0.806517 0.590914 -0.018722
0.191989 -0.729368 -0.656630 0.210458 0.684109 -0.698356 0.958565 -0.004117 0.284843
-0.688287 0.139911 0.711819 -0.474855 -0.828695 -0.296274 0.548429 -0.541932 0.636817
-0.817327 -0.169550 -0.550663 0.305751 -0.937688 -0.165098 -0.488357 -0.303305 0.818238
0.864766 -0.119065 0.487856 0.085480 -0.922408 -0.376640 0.494847 0.367407 -0.787489
0.388601 -0.056622 -0.919665 -0.522642 -0.835554 -0.169397 -0.758838 0.546483 -0.354290
-0.931402 -0.234886 -0.278063 0.265148 -0.961192 -0.076201 -0.249374 -0.144701 0.957536
-0.143790 -0.689996 0.709387 -0.767256 0.530467 0.360448 -0.625014 -0.492452 -0.605679
0.459040 -0.400130 0.793207 0.270029 -0.787755 -0.553649 0.846384 0.468336 -0.253564
-0.348231 -0.543612 -0.763689 -0.639511 0.733426 -0.230463 0.685391 0.408133 -0.603048
0.815435 -0.482912 0.319158 -0.000700 0.550544 0.834806 -0.578848 -0.680954 0.448594
0.353316 0.566878 0.744189 0.669390 0.402517 -0.624417 -0.653517 0.718769 -0.237247
0.801809 0.582219 -0.134622 -0.583611 0.714511 -0.385839 -0.128454 0.387936 0.912691
-0.767988 0.571614 -0.288881 -0.581260 -0.811473 -0.060404 -0.268946 0.121525 0.955458
-0.629853 0.087200 0.771804 0.331114 -0.868718 0.368364 0.702601 0.487570 0.518292
-0.168597 -0.853031 -0.493875 -0.405591 0.516702 -0.754000 0.898371 0.073189 -0.433096
-0.568692 -0.099770 0.816477 -0.258204 0.964097 -0.062035 -0.780974 -0.246096 -0.574036
0.494959 0.604931 0.623758 0.294839 -0.792192 0.534323 0.817365 -0.080560 -0.570460
0.470071 -0.641191 0.606554 0.866093 0.467488 -0.177026 -0.170050 0.608547 0.775083
0.969141 0.039251 0.243364 0.230475 0.205958 -0.951032 -0.087451 0.977773 0.190556
0.915697 -0.049205 -0.398845 -0.372817 -0.474512 -0.797399 -0.150021 0.878873 -0.452854
0.634986 -0.043488 -0.771298 0.173703 -0.964810 0.197404 -0.752741 -0.259326 -0.605087
-0.098169 -0.505505 0.857221 -0.042224 0.862721 0.503914 -0.994274 0.013274 -0.106037
-0.609510 -0.621990 0.491554 0.676378 -0.731420 -0.086821 0.413535 0.279558 0.866508
0.231399 -0.676534 -0.699111 0.021279 -0.714924 0.698879 -0.972626 -0.176596 -0.151036
-0.969313 0.201200 -0.141246 0.164339 0.103043 -0.981007 -0.182824 -0.974115 -0.132946
-0.364489 -0.881759 -0.299415 0.544528 -0.462650 0.699603 -0.755405 0.091958 0.648773
0.275636 0.503339 0.818947 -0.914918 0.398712 0.062882 -0.294873 -0.766602 0.570413
0.142253 0.040838 -0.988988 -0.255083 -0.963889 -0.076492 -0.956398 0.263155 -0.126699
0.863408 -0.498319 -0.078770 -0.221651 -0.514937 0.828077 -0.453208 -0.697509 -0.555053
0.422154 -0.041322 -0.905582 -0.332099 -0.936562 -0.112079 -0.843502 0.348058 -0.409096
-0.207970 -0.325614 0.922347 0.940677 0.191875 0.279841 -0.268096 0.925829 0.266394
0.723902 -0.669381 0.167018 -0.436695 -0.632003 -0.640211 0.534101 0.390514 -0.749824
0.305024 0.031050 0.951838 0.808015 -0.537435 -0.241402 0.504056 0.842733 -0.189019
0.361656 0.661796 0.656682 0.376711 0.540569 -0.752246 -0.852815 0.519433 -0.053806
0.524723 -0.159090 0.836275 0.245503 -0.912361 -0.327605 0.815104 0.377210 -0.439680
-0.045152 -0.720799 -0.691672 -0.991406 0.117430 -0.057657 0.122782 0.683124 -0.719907
0.790362 0.377001 0.482906 0.305463 0.440766 -0.844048 -0.531056 0.814614 0.233205
-0.880899 0.208309 0.424998 -0.440820 -0.688009 -0.576473 0.172318 -0.695163 0.697893
0.651914 -0.447180 -0.612403 -0.633864 -0.764633 -0.116421 -0.416203 0.464076 -0.781926
-0.148228 0.980437 -0.129505 0.802806 0.195763 0.563186 0.577521 -0.020487 -0.816119
-0.388670 -0.897208 -0.209651 0.725518 -0.157764 -0.669876 0.567942 -0.412467 0.712259
-0.756233 0.177995 0.629627 0.024495 0.969314 -0.244604 -0.653844 -0.169555 -0.737387
-0.403394 -0.593014 0.696856 -0.349910 0.803659 0.481347 -0.845480 -0.049664 -0.531693
-0.664169 0.299965 0.684763 -0.007932 0.913091 -0.407679 -0.747540 -0.276200 -0.604067
-0.990775 0.084907 0.105625 0.135424 0.649687 0.748042 -0.005109 0.755445 -0.655192
0.636348 -0.553252 0.537563 -0.555317 -0.812239 -0.178580 0.535429 -0.184878 -0.824097
-0.277463 -0.613808 0.739090 -0.960205 0.151588 -0.234580 0.031950 -0.774765 -0.631442
