1.000000 0.000000 0.000000 0.000000 1.000000 0.000000 0.000000 0.000000 1.000000
0.714297 -0.628059 -0.308741 0.104152 -0.340846 0.934332 -0.692049 -0.699547 -0.178051
-0.968970 0.106290 -0.223157 0.001236 -0.900727 -0.434383 -0.247174 -0.421180 0.872647
-0.304147 -0.707628 -0.637775 -0.698887 0.620693 -0.355384 0.647342 0.337644 -0.683334
-0.508849 0.419385 0.751791 0.779113 -0.147075 0.609387 0.366137 0.895815 -0.251909
-0.015547 0.763607 -0.645494 -0.570248 0.523517 0.633046 0.821325 0.377934 0.427306
0.881287 -0.465526 0.081352 0.337706 0.740786 0.580682 -0.330587 -0.484275 0.810056
-0.674625 -0.623752 -0.394733 0.734699 -0.515663 -0.440805 0.071404 -0.587388 0.806150
-0.402203 -0.530792 -0.745985 0.567891 -0.783746 0.251478 -0.718145 -0.322493 0.616657
0.612378 -0.282633 0.738317 0.789334 0.166499 -0.590956 0.044095 0.944667 0.325053
-0.587412 -0.091651 0.804082 -0.766509 0.381764 -0.516449 -0.259636 -0.919704 -0.294504
-0.273419 -0.296809 0.914957 -0.875248 0.471310 -0.108661 -0.398977 -0.830525 -0.388646
0.080492 -0.125479 -0.988826 0.235915 0.966256 -0.103411 0.968434 -0.224955 0.107379
0.067539 0.620459 -0.781325 -0.868437 0.422087 0.260115 0.491178 0.660964 0.567337
0.337475 0.229390 -0.912957 -0.689829 0.720176 -0.074043 0.640505 0.654772 0.401281
-0.482011 -0.144927 0.864096 0.828098 0.246814 0.503326 -0.286217 0.958164 0.001047
-0.828294 0.184508 0.529042 -0.477652 -0.726097 -0.494603 0.292877 -0.662374 0.689553
-0.034982 0.995715 0.085601 0.583145 -0.049223 0.810875 0.811614 0.078283 -0.578925
0.965881 0.104331 -0.237041 0.237122 0.011803 0.971408 0.104145 -0.994473 -0.013338
-0.408910 0.566759 -0.715246 0.654469 -0.364079 -0.662659 -0.635974 -0.739074 -0.222051
-0.810876 -0.577628 0.093952 0.430129 -0.697114 -0.573604 0.396825 -0.424710 0.813727
-0.714158 0.609066 -0.344989 0.547058 0.793116 0.267758 0.436698 0.002493 -0.899604
-0.247967 0.542544 0.802595 -0.046054 0.820931 -0.569168 -0.967673 -0.178097 -0.178578
-0.402678 -0.913556 0.057146 0.337975 -0.090373 0.936806 -0.850660 0.396545 0.345150
0.690894 0.412613 0.593646 -0.722849 0.408384 0.557415 -0.012439 -0.814231 0.580407
0.480639 0.706600 -0.519329 0.477025 -0.707607 -0.521286 -0.735822 0.002817 -0.677169
-0.977928 0.112232 0.176243 -0.117131 0.404030 -0.907216 -0.173026 -0.907835 -0.381966
-0.862740 0.501268 0.066411 0.202961 0.463589 -0.862492 -0.463127 -0.730627 -0.501695
0.015530 -0.486503 0.873541 -0.125743 -0.867660 -0.480993 0.991941 -0.102372 -0.074649
0.178154 -0.875782 0.448628 0.814762 -0.124353 -0.566303 0.551746 0.466414 0.691400
-0.232569 -0.964141 0.127842 -0.967512 0.242751 0.070657 -0.099157 -0.107256 -0.989274
0.952789 -0.303324 0.013719 -0.087739 -0.318294 -0.943923 0.290681 0.898156 -0.329880
-0.114309 -0.848362 0.516928 -0.910902 -0.118157 -0.395344 0.396473 -0.516062 -0.759269
0.353116 -0.289449 0.889679 -0.781533 0.431495 0.450576 -0.514310 -0.854419 -0.073846
-0.721678 -0.639288 0.265503 0.439008 -0.126133 0.889586 -0.535212 0.758552 0.371680
0.290980 0.737878 0.608988 0.906544 -0.416096 0.071007 0.305792 0.531413 -0.789995
-0.009020 -0.195307 0.980701 0.536300 0.826814 0.169592 -0.843979 0.527479 0.097285
0.626534 0.488708 0.607141 0.102149 0.720783 -0.685593 -0.772671 0.491566 0.401674
-0.014572 0.771177 0.636455 -0.996824 0.038634 -0.069635 -0.078289 -0.635448 0.768164
0.665856 -0.472527 0.577369 -0.535637 -0.841463 -0.070937 0.519354 -0.262027 -0.813396
-0.921812 -0.193114 -0.336109 -0.055584 0.923962 -0.378425 0.383631 -0.330154 -0.862453
0.830467 0.554643 -0.051923 0.215343 -0.233670 0.948170 0.513763 -0.798604 -0.313494
-0.066888 -0.289379 -0.954875 0.613162 -0.766900 0.189461 -0.787120 -0.572821 0.228733
0.786688 0.588704 -0.185878 -0.580481 0.602885 -0.547332 -0.210153 0.538477 0.816013
0.015312 0.337166 -0.941321 0.829324 -0.530188 -0.176415 -0.558558 -0.777959 -0.287738
-0.047851 -0.465129 -0.883949 0.433460 0.787623 -0.437907 0.899902 -0.404110 0.163926
-0.326049 0.899634 -0.290434 -0.043057 -0.321036 -0.946088 -0.944372 -0.295965 0.143409
-0.896603 -0.141767 -0.419529 -0.051436 0.974299 -0.219307 0.439837 -0.175053 -0.880852
-0.844746 -0.453326 0.284429 0.365671 -0.876991 -0.311724 0.390754 -0.159321 0.906603
0.240693 -0.857808 0.454127 -0.110033 -0.488982 -0.865326 0.964344 0.158309 -0.212081
0.001322 -0.884633 0.466286 -0.238578 -0.453100 -0.858942 0.971123 -0.110110 -0.211653
0.361592 0.862740 -0.353455 -0.442644 -0.174798 -0.879495 -0.820559 0.474473 0.318682
0.859933 -0.508427 -0.044912 0.510392 0.855910 0.083176 -0.003849 -0.094448 0.995522
-0.365618 0.912536 0.183310 0.821396 0.223709 0.524655 0.437759 0.342393 -0.831345
-0.177565 0.008203 0.984075 -0.549000 0.829077 -0.105972 -0.816743 -0.559074 -0.142711
-0.402560 0.255732 -0.878946 0.126370 0.966516 0.223333 0.906629 -0.021167 -0.421397
-0.077116 -0.155919 -0.984755 0.043343 -0.987287 0.152926 -0.996080 -0.030889 0.082893
0.764248 0.473104 0.438289 -0.287321 -0.358657 0.888151 0.577383 -0.804697 -0.138170
-0.017971 -0.969540 -0.244273 0.522309 -0.217430 0.824571 -0.852567 -0.112767 0.510307
0.425994 0.872380 0.239752 0.875243 -0.464478 0.134944 0.229082 0.152356 -0.961410
-0.445800 0.188779 0.875000 -0.234518 0.918732 -0.317698 -0.863866 -0.346833 -0.365299
-0.790456 -0.197361 0.579852 -0.591045 0.494236 -0.637493 -0.160768 -0.846628 -0.507321
0.495703 -0.489001 -0.717744 -0.387402 -0.864150 0.321192 -0.777302 0.118840 -0.617801
0.330124 -0.826286 0.456366 -0.546158 -0.561527 -0.621610 0.769890 -0.044039 -0.636656
-0.083809 -0.994902 -0.056096 0.165677 0.041599 -0.985302 0.982612 -0.091871 0.161346
-0.921678 0.381119 0.072516 0.078855 0.367050 -0.926853 -0.379858 -0.848541 -0.368355
0.520918 0.851686 0.057232 0.523628 -0.265877 -0.809397 -0.674135 0.451598 -0.584466
0.191386 -0.932449 0.306447 0.815594 0.324783 0.478876 -0.546057 0.158287 0.822659
-0.216132 0.965722 -0.143765 0.414896 0.224132 0.881831 0.883826 0.130945 -0.449116
-0.312724 0.552649 -0.772518 -0.876061 0.146465 0.459418 0.367044 0.820443 0.438351
0.085738 -0.575323 -0.813420 -0.903281 -0.389376 0.180191 -0.420394 0.719298 -0.553063
-0.114508 -0.689523 -0.715154 -0.825245 0.466791 -0.317926 0.553045 0.553772 -0.622477
-0.795824 0.088222 -0.599067 -0.105742 -0.994376 -0.005966 -0.596224 0.058598 0.800677
0.264626 0.716463 -0.645488 0.959498 -0.262683 0.101792 -0.096629 -0.646281 -0.756957
0.590329 -0.789965 -0.165735 -0.781980 -0.508834 -0.359994 0.200050 0.342116 -0.918116
0.199636 -0.759042 -0.619678 0.969423 0.245097 0.012092 0.142703 -0.603144 0.784763
0.245411 -0.892234 0.379068 -0.950749 -0.145148 0.273877 -0.189342 -0.427611 -0.883911
0.397708 -0.017131 -0.917352 0.915707 -0.055280 0.398027 -0.057530 -0.998324 -0.006299
-0.390133 0.464098 0.795242 0.703634 -0.406795 0.582595 0.593881 0.786849 -0.167851
-0.754666 -0.320774 -0.572348 -0.355871 0.932993 -0.053668 0.551212 0.163181 -0.818253
-0.499848 0.559839 -0.660858 -0.238694 0.644426 0.726458 0.832573 0.520861 -0.188484
-0.199400 0.979858 -0.010854 0.477189 0.087421 -0.874442 -0.855880 -0.179543 -0.485009
-0.273386 -0.634598 -0.722873 -0.171293 0.771609 -0.612600 0.946530 -0.043653 -0.319649
-0.610345 0.641611 -0.464558 -0.718565 -0.695271 -0.016189 -0.333381 0.323934 0.885395
0.959118 0.280633 -0.036582 -0.060928 0.330985 0.941667 0.276371 -0.900941 0.334552
0.310060 -0.472366 0.825066 -0.763420 -0.640923 -0.080048 0.566616 -0.605052 -0.559338
-0.603815 -0.006424 0.797098 -0.772997 -0.239445 -0.587488 0.194636 -0.970889 0.139615
-0.997321 -0.059549 0.042485 -0.073032 0.843657 -0.531893 -0.004169 -0.533570 -0.845745
-0.923892 0.344564 -0.166434 0.265023 0.889923 0.371215 0.276020 0.298853 -0.913509
0.880692 0.191481 -0.433263 -0.462715 0.152018 -0.873376 -0.101371 0.969652 0.222482
-0.321232 0.623338 0.712923 0.203889 0.780691 -0.590721 -0.924792 -0.044401 -0.377874
-0.094393 0.872680 -0.479082 -0.791304 0.226242 0.568025 0.604093 0.432717 0.669200
-0.401497 -0.621560 -0.672654 0.405170 -0.779214 0.478186 -0.821363 -0.080549 0.564690
0.515714 -0.732084 -0.445077 -0.756655 -0.145498 -0.637420 0.401887 0.665495 -0.628970
0.288355 -0.492198 -0.821336 -0.669190 0.509925 -0.540520 0.684862 0.705491 -0.182334
0.341722 -0.928137 0.147604 -0.343407 0.022881 0.938908 -0.874813 -0.371534 -0.310910
0.457332 0.799011 -0.390422 -0.810359 0.555255 0.187111 0.366287 0.230810 0.901421
-0.932226 0.210834 0.294117 0.184115 0.976026 -0.116085 -0.311540 -0.054066 -0.948694
0.006696 -0.983798 -0.179154 -0.051047 0.178588 -0.982599 0.998674 0.015725 -0.049024
-0.788557 0.614959 0.001642 0.480999 0.618441 -0.621427 -0.383168 -0.489240 -0.783471
