1.000000 0.000000 0.000000 0.000000 1.000000 0.000000 0.000000 0.000000 1.000000
0.016335 -0.811516 -0.584102 -0.087079 0.580805 -0.809372 0.996067 0.064084 -0.061178
-0.774819 -0.171338 0.608522 -0.020008 0.968736 0.247286 -0.631867 0.179427 -0.754023
-0.359844 0.729773 0.581329 -0.147219 0.570851 -0.807747 -0.921325 -0.376246 -0.097980
0.312295 0.793435 -0.522429 -0.418727 0.608598 0.674000 0.852725 0.008268 0.522294
-0.974501 -0.191629 -0.116733 -0.223938 0.863388 0.452121 0.014146 0.466733 -0.884285
-0.823331 0.185151 -0.536513 -0.560546 -0.413445 0.717532 -0.088967 0.891506 0.444187
0.704082 0.380065 -0.599849 0.650506 -0.683982 0.330168 -0.284801 -0.622671 -0.728814
-0.752651 0.079757 -0.653571 -0.597426 -0.499977 0.626981 -0.276764 0.862358 0.423958
-0.816352 0.206129 0.539519 -0.322652 0.612014 -0.722035 -0.479025 -0.763511 -0.433111
-0.124341 -0.849540 -0.512662 0.133137 0.497714 -0.857062 0.983267 -0.174822 0.051219
-0.957722 0.039578 0.284961 0.287654 0.114724 0.950838 0.004940 0.992609 -0.121258
0.153088 -0.762218 0.628957 -0.971584 -0.232357 -0.045106 0.180523 -0.604180 -0.776130
-0.281033 0.343148 -0.896253 0.505328 -0.741032 -0.442171 -0.815882 -0.577167 0.034853
-0.832754 -0.450215 0.322223 -0.531226 0.485828 -0.694096 0.155947 -0.749185 -0.643741
0.828286 -0.557571 0.055286 0.538137 0.764153 -0.355639 0.156047 0.324322 0.932987
0.323837 -0.253758 0.911447 0.798973 -0.442615 -0.407105 0.506727 0.860057 0.059410
-0.091143 -0.855999 -0.508880 0.696802 -0.419893 0.581512 -0.711449 -0.301588 0.634732
0.205742 -0.978253 0.026276 -0.312451 -0.091112 -0.945554 0.927386 0.186331 -0.324401
-0.668686 0.609310 -0.426146 0.546321 0.013845 -0.837462 -0.504374 -0.792811 -0.342137
0.424825 -0.821441 -0.380472 -0.878492 -0.475554 0.045823 -0.218576 0.314775 -0.923656
0.287626 0.388480 0.875417 -0.847076 0.529709 0.043247 -0.446915 -0.753984 0.481430
-0.372558 0.730637 -0.572163 0.195154 0.664446 0.721406 0.907257 0.157106 -0.390131
0.429280 -0.669414 0.606304 -0.509373 0.374910 0.774585 -0.745827 -0.641348 -0.180040
-0.280119 -0.876357 -0.391832 0.643651 -0.474290 0.600636 -0.712213 -0.083954 0.696925
-0.400729 0.913668 -0.068020 -0.905317 -0.383471 0.182621 0.140772 0.134762 0.980828
0.058121 -0.866880 0.495117 0.784055 -0.267364 -0.560156 0.617965 0.420756 0.664142
-0.691455 -0.590226 0.416562 0.701399 -0.686575 0.191451 0.173002 0.424556 0.888720
0.326753 -0.854948 -0.402861 -0.892706 -0.419158 0.165475 -0.310335 0.305567 -0.900178
0.735753 0.671516 -0.087940 0.640357 -0.732056 -0.232458 -0.220476 0.114718 -0.968623
-0.777783 -0.446493 -0.442378 -0.557958 0.814513 0.158904 0.289373 0.370421 -0.882639
0.641013 -0.298827 0.706969 -0.766663 -0.293050 0.571270 0.036467 -0.908198 -0.416949
0.596815 0.727015 -0.339501 -0.607148 0.132558 -0.783454 -0.524579 0.673704 0.520518
-0.195800 -0.360255 0.912074 0.347546 -0.895199 -0.278981 0.916992 0.262363 0.300486
-0.338033 -0.633847 -0.695680 -0.208945 0.771290 -0.601210 0.917647 -0.057869 -0.393161
0.041100 0.649709 0.759071 0.361722 -0.717855 0.594846 0.931379 0.250125 -0.264518
0.030636 0.264202 -0.963981 0.920010 -0.384430 -0.076123 -0.390695 -0.884540 -0.254846
0.389600 -0.183579 0.902502 0.663775 -0.623342 -0.413338 0.638448 0.760095 -0.120999
-0.036042 0.907587 0.418314 0.967324 -0.073437 0.242677 0.250970 0.413392 -0.875284
-0.544112 0.749922 -0.376243 -0.215502 -0.558307 -0.801157 -0.810865 -0.354837 0.465391
0.209624 0.388776 0.897168 -0.977529 0.062456 0.201336 0.022241 -0.919213 0.393132
0.228357 0.857395 -0.461223 -0.333752 0.513975 0.790215 0.914583 -0.026517 0.403527
-0.464068 -0.811240 0.355711 -0.114953 0.453329 0.883899 -0.878309 0.369299 -0.303631
0.218476 -0.603904 0.766530 -0.280258 -0.791244 -0.543496 0.934732 -0.096085 -0.342116
0.966670 -0.042199 0.252524 0.114172 0.953873 -0.277652 -0.229159 0.297229 0.926899
0.612375 -0.304190 -0.729702 0.406166 0.912936 -0.039715 0.678252 -0.272060 0.682611
0.784990 0.066738 0.615903 0.518005 0.474593 -0.711641 -0.339797 0.877672 0.337980
0.598892 -0.794432 -0.101022 0.678180 0.436029 0.591567 -0.425911 -0.422796 0.799902
0.520899 -0.648104 -0.555541 0.853593 0.400446 0.333199 0.006516 -0.647769 0.761809
-0.606756 0.391708 -0.691674 -0.693481 0.164429 0.701461 0.388499 0.905278 0.171874
0.547121 0.588353 -0.595398 0.808617 -0.555327 0.194295 -0.216326 -0.587752 -0.779584
0.219704 0.218908 -0.950689 0.069896 -0.975527 -0.208474 -0.973059 -0.020647 -0.229628
0.037956 -0.965406 0.257975 -0.892698 0.083254 0.442898 -0.449054 -0.247104 -0.858656
-0.945189 0.317105 -0.077857 -0.292360 -0.715708 0.634261 0.145404 0.622259 0.769189
0.187054 -0.737119 -0.649359 -0.635122 0.413541 -0.652383 0.749421 0.534453 -0.390806
-0.709778 0.545235 -0.446021 0.665615 0.726375 -0.171279 0.230591 -0.418448 -0.878481
-0.510572 0.603543 0.612415 -0.843505 -0.213425 -0.492900 -0.166781 -0.768236 0.618060
-0.084575 0.522721 0.848298 0.731140 0.610961 -0.303580 -0.676965 0.594550 -0.433854
0.363625 0.768953 0.525821 0.008476 0.561706 -0.827293 -0.931507 0.305282 0.197733
0.493674 -0.715464 -0.494366 0.587034 0.693572 -0.417551 0.641621 -0.084075 0.762400
0.628349 -0.154261 -0.762483 -0.738467 -0.426498 -0.522271 -0.244631 0.891237 -0.381906
-0.479879 0.771988 0.416834 -0.639630 -0.633043 0.436039 0.600491 -0.057373 0.797571
0.036381 0.244979 0.968845 0.527027 -0.828411 0.189679 0.849069 0.503707 -0.159250
-0.133074 -0.085713 0.987393 -0.937985 0.332674 -0.097537 -0.320119 -0.939139 -0.124668
0.346087 0.862354 0.369553 0.502496 0.162258 -0.849217 -0.792289 0.479602 -0.377174
0.821360 -0.454008 0.345319 -0.569207 -0.613060 0.547869 -0.037035 -0.646556 -0.761967
0.995043 -0.098753 0.011711 -0.038840 -0.277518 0.959935 -0.091546 -0.955632 -0.279977
0.382516 0.923084 0.039963 -0.824837 0.321675 0.464939 0.416323 -0.210809 0.884440
-0.580666 0.299364 -0.757105 -0.197870 -0.953952 -0.225441 -0.789731 0.018902 0.613163
0.573745 0.136178 -0.807634 -0.697754 -0.435110 -0.569051 -0.428902 0.890020 -0.154623
-0.592406 0.723343 0.354727 0.363493 -0.152959 0.918954 0.718977 0.673334 -0.172316
0.849347 0.052908 -0.525176 -0.402188 0.709232 -0.578994 0.341839 0.702987 0.623663
0.221860 -0.898402 -0.379015 0.082286 0.404566 -0.910799 0.971600 0.170882 0.163683
0.407565 0.911220 0.059744 0.625933 -0.231128 -0.744841 -0.664905 0.340967 -0.664562
-0.682511 0.698760 -0.214272 0.028749 0.318612 0.947449 0.730310 0.640484 -0.237545
-0.933475 0.300851 -0.195225 -0.075337 0.367711 0.926883 0.350640 0.879930 -0.320584
0.485779 0.321427 -0.812836 -0.694304 0.706823 -0.135435 0.531000 0.630147 0.566528
0.926432 -0.314464 0.206968 -0.053121 0.435075 0.898826 -0.372695 -0.843696 0.386363
-0.031499 -0.986826 0.158690 0.961432 0.013487 0.274711 -0.273232 0.161223 0.948341
0.498317 -0.409236 -0.764334 0.396229 -0.676643 0.620611 -0.771157 -0.612112 -0.175032
0.792555 0.366606 -0.487294 -0.588577 0.250910 -0.768519 -0.159477 0.895904 0.414636
-0.612133 -0.678368 0.406337 0.598353 -0.061411 0.798876 -0.516978 0.732151 0.443495
0.430059 0.762285 0.483705 -0.813402 0.094705 0.573941 0.391698 -0.640275 0.660773
-0.990535 -0.137262 -0.000427 0.012025 -0.089876 0.995880 -0.136735 0.986449 0.090675
-0.048526 -0.773067 0.632465 -0.680448 0.489129 0.545658 -0.731188 -0.403882 -0.549768
-0.364344 0.654244 0.662736 0.615129 -0.365236 0.698727 0.699193 0.662245 -0.269372
0.325064 -0.397933 0.857895 0.925175 0.321753 -0.201312 -0.195922 0.859142 0.472748
-0.970452 -0.096204 0.221285 0.217189 -0.747817 0.627374 0.105125 0.656898 0.746615
0.367980 0.804347 -0.466493 0.034330 0.489601 0.871271 0.929200 -0.336625 0.152550
-0.609894 0.231959 0.757776 -0.677274 0.343946 -0.650385 -0.411496 -0.909888 -0.052671
0.858366 0.493706 -0.139506 -0.142392 0.490499 0.859730 0.492882 -0.718098 0.491327
0.626182 0.586972 0.513186 0.055968 0.622665 -0.780484 -0.777665 0.517448 0.357050
-0.320445 -0.431938 -0.843057 -0.014351 -0.887673 0.460252 -0.947158 0.159584 0.278252
0.331824 -0.926390 0.178030 0.903845 0.258181 -0.341183 0.270105 0.274124 0.922984
-0.850545 -0.428378 0.305066 -0.395552 0.138822 -0.907891 0.346571 -0.892872 -0.287520
-0.890173 0.404593 -0.209514 0.404123 0.913495 0.047032 0.210419 -0.042803 -0.976674
0.181579 0.882336 -0.434181 -0.972551 0.226460 0.053477 0.145509 0.412553 0.899237
-0.039045 0.976438 0.212235 -0.979183 -0.079728 0.186663 0.199186 -0.200529 0.959225
-0.417778 0.338078 0.843306 -0.904030 -0.062221 -0.422917 -0.090507 -0.939059 0.331627
-0.763385 -0.581436 -0.281383 0.013698 0.420946 -0.906982 0.645799 -0.696231 -0.313380
