1.000000 0.000000 0.000000 0.000000 1.000000 0.000000 0.000000 0.000000 1.000000
0.121766 0.963874 -0.236897 -0.305590 0.263485 0.914981 0.944345 -0.039020 0.326634
-0.095204 0.906869 -0.410519 -0.831011 -0.299445 -0.468779 -0.548049 0.296516 0.782126
0.091082 -0.049973 0.994589 -0.797367 0.594658 0.102899 -0.596582 -0.802424 0.014316
-0.687534 -0.320127 -0.651779 -0.725392 0.343848 0.596301 0.033221 0.882772 -0.468625
0.551378 0.701008 -0.452293 -0.659669 0.698242 0.278019 0.510704 0.145070 0.847429
-0.956618 -0.093394 0.275968 -0.073841 0.994021 0.080437 -0.281831 0.056570 -0.957795
-0.651846 -0.750076 0.111729 -0.054762 0.193505 0.979570 -0.756372 0.632410 -0.167211
0.018254 0.977796 -0.208762 0.999833 -0.017732 0.004375 0.000576 -0.208807 -0.977957
-0.702852 -0.142041 0.697010 -0.710969 0.171754 -0.681926 -0.022853 -0.974846 -0.221705
-0.038465 -0.981387 0.188151 0.193811 0.177387 0.964868 -0.980284 0.073579 0.183381
0.764083 0.644107 -0.036101 -0.249890 0.347099 0.903923 0.594754 -0.681651 0.426168
0.562324 -0.500049 0.658592 -0.824380 -0.276658 0.493820 -0.064730 -0.820616 -0.567802
-0.018137 0.451181 0.892248 0.488855 0.782456 -0.385725 -0.872177 0.429183 -0.234754
-0.970874 -0.117558 0.208768 -0.108138 -0.562541 -0.819667 0.213799 -0.818369 0.533444
0.513731 -0.553433 -0.655585 0.850026 0.224704 0.476407 -0.116347 -0.802010 0.585870
-0.820830 -0.552695 0.144104 -0.518063 0.826663 0.219635 -0.240516 0.105628 -0.964881
0.287802 -0.019944 0.957482 0.321214 0.943880 -0.076890 -0.902215 0.329686 0.278057
0.838685 -0.057097 0.541615 -0.399419 0.611572 0.682968 -0.370232 -0.789126 0.490110
0.781413 -0.385494 -0.490701 0.561165 0.090181 0.822777 -0.272924 -0.918293 0.286794
-0.550895 -0.290986 0.782203 0.612729 0.495328 0.615803 -0.566637 0.818522 -0.094578
0.622497 0.471893 0.624352 0.757297 -0.161893 -0.632686 -0.197482 0.866665 -0.458141
0.191717 -0.338558 -0.921208 -0.975796 -0.166364 -0.141936 -0.105202 0.926122 -0.362258
0.376791 -0.828157 0.414952 0.752508 0.534889 0.384221 -0.540148 0.167483 0.824736
0.310781 -0.767745 -0.560341 -0.948885 -0.284762 -0.136114 -0.055063 0.574001 -0.817001
-0.599690 0.796174 -0.080485 -0.417963 -0.397400 -0.816934 -0.682406 -0.456267 0.571088
-0.912344 -0.195441 0.359767 -0.403676 0.576135 -0.710714 -0.068371 -0.793644 -0.604528
0.979606 0.040280 -0.196850 -0.105080 0.937748 -0.331038 0.171261 0.344972 0.922856
-0.635551 -0.662688 0.396130 0.762614 -0.458837 0.455948 -0.120392 0.591873 0.796990
-0.583501 -0.440940 -0.681981 -0.677183 0.727713 0.108888 0.448273 0.525362 -0.723219
0.268338 -0.777602 -0.568622 -0.945652 -0.325177 -0.001576 -0.183677 0.538141 -0.822598
0.762384 0.646715 0.023047 0.222602 -0.295523 0.929040 0.607635 -0.703154 -0.369261
0.194378 -0.092731 0.976534 0.621203 -0.758819 -0.195706 0.759160 0.644667 -0.089893
-0.370793 0.926914 0.057821 0.908998 0.374978 -0.181976 -0.190357 -0.014916 -0.981602
0.974783 -0.220816 -0.032220 -0.090577 -0.259557 -0.961471 0.203946 0.940144 -0.273012
-0.982064 -0.113095 0.150867 -0.187445 0.672109 -0.716334 -0.020385 -0.731764 -0.681253
-0.326682 0.921653 0.209365 0.363042 -0.082158 0.928143 0.872628 0.379216 -0.307760
0.152203 -0.921692 -0.356818 0.825770 -0.079787 0.558335 -0.543083 -0.379630 0.748961
-0.577344 0.575758 -0.578944 0.112032 -0.646489 -0.754653 -0.808778 -0.500555 0.308744
0.818230 -0.331990 0.469343 -0.191235 -0.927090 -0.322388 0.542153 0.174033 -0.822060
-0.457495 0.066259 -0.886740 -0.814070 -0.432418 0.387691 -0.357754 0.899235 0.251769
0.931585 0.290149 0.219003 -0.108887 0.797504 -0.593406 -0.346832 0.528962 0.774537
-0.568692 -0.156102 -0.807603 -0.808383 0.287511 0.513668 0.152011 0.944971 -0.289695
-0.408233 -0.744207 0.528679 0.709663 0.105566 0.696588 -0.574216 0.659554 0.485041
0.206975 0.257144 0.943948 -0.137188 0.962936 -0.232236 -0.968680 -0.081432 0.234580
0.151936 -0.837668 -0.524621 0.964108 0.242535 -0.108041 0.217742 -0.489376 0.844452
0.310279 0.592648 0.743300 -0.798902 0.586341 -0.134012 -0.515250 -0.552243 0.655397
-0.007064 -0.025202 0.999657 -0.234269 -0.971820 -0.026155 0.972146 -0.234374 0.000961
0.475005 0.799732 0.367151 0.363125 -0.558181 0.746039 0.801568 -0.221051 -0.555541
0.294206 -0.071631 -0.953054 -0.086176 -0.995114 0.048189 -0.951849 0.067953 -0.298941
0.930612 0.006870 0.365943 0.259326 -0.717937 -0.646000 0.258286 0.696074 -0.669903
0.807094 0.582576 0.095942 0.350247 -0.603233 0.716545 0.475317 -0.544716 -0.690911
-0.802286 -0.596937 -0.001785 0.262619 -0.350273 -0.899077 0.536068 -0.721786 0.437786
0.717856 -0.184861 0.671199 0.693917 0.267848 -0.668383 -0.056222 0.945560 0.320554
0.831484 0.051149 -0.553189 0.295258 -0.884166 0.362042 -0.470593 -0.464365 -0.750272
0.218306 0.648672 -0.729087 0.668990 0.444454 0.595745 0.710489 -0.617807 -0.336928
0.057905 -0.187225 0.980609 -0.705282 -0.702860 -0.092548 0.706558 -0.686247 -0.172745
0.071356 0.186546 -0.979851 0.993168 0.077651 0.087110 0.092337 -0.979373 -0.179731
0.339655 -0.894867 -0.289565 0.764038 0.082963 0.639815 -0.548526 -0.438555 0.711891
0.367373 0.924087 -0.105358 -0.044707 -0.095603 -0.994415 -0.928999 0.370031 0.006191
0.424919 0.419326 0.802253 0.076154 -0.899658 0.429903 0.902022 -0.121579 -0.414215
-0.020350 -0.890151 0.455212 0.861078 -0.246978 -0.444463 0.508066 0.382928 0.771515
-0.405094 -0.617166 0.674541 -0.003263 0.738758 0.673962 -0.914269 0.270817 -0.301280
0.849772 0.523503 0.061903 -0.422174 0.605518 0.674624 0.315684 -0.599411 0.735561
-0.407220 -0.291943 0.865414 -0.833564 0.506066 -0.221514 -0.373287 -0.811582 -0.449434
-0.378914 0.290731 -0.878578 -0.886561 -0.386299 0.254526 -0.265395 0.875357 0.404124
0.432406 -0.867893 -0.244513 -0.530843 -0.025831 -0.847076 0.728855 0.496079 -0.471884
-0.199166 0.979744 -0.020836 -0.002729 0.020708 0.999782 0.979962 0.199180 -0.001451
-0.540424 -0.275018 0.795177 0.260363 0.844025 0.468863 -0.800095 0.460420 -0.384527
0.954136 0.299177 -0.010846 0.046539 -0.112438 0.992568 0.295735 -0.947550 -0.121205
-0.917276 0.160189 -0.364616 0.260194 -0.452068 -0.853190 -0.301503 -0.877482 0.372991
-0.784375 0.067669 -0.616585 0.608646 0.275641 -0.744024 0.119608 -0.958876 -0.257392
0.344791 -0.785430 -0.514023 -0.938140 -0.306892 -0.160344 -0.031811 0.537510 -0.842657
-0.119843 -0.434494 -0.892666 0.300250 -0.872903 0.384565 -0.946302 -0.221936 0.235068
0.969929 0.190714 -0.151218 0.036057 0.501854 0.864201 0.240704 -0.843665 0.479886
0.345300 0.578260 0.739177 0.551299 -0.762384 0.338881 0.759498 0.290492 -0.582046
-0.408480 0.677605 -0.611552 0.102075 0.699707 0.707101 0.907042 0.226412 -0.354983
0.423159 0.777698 -0.464890 -0.545119 -0.191318 -0.816237 -0.723728 0.598818 0.342980
-0.136880 0.435023 -0.889954 -0.732653 -0.649118 -0.204612 -0.666696 0.624020 0.407572
-0.340481 -0.442991 0.829356 -0.058566 -0.870353 -0.488933 0.938426 -0.215045 0.270394
-0.478877 -0.844164 -0.240965 -0.534190 0.498022 -0.683092 0.696647 -0.198396 -0.689435
-0.765662 0.497565 -0.407665 -0.308426 -0.840140 -0.446136 -0.564478 -0.215855 0.796725
-0.903410 0.365770 0.223748 0.142648 -0.235718 0.961295 0.404355 0.900361 0.160773
0.479804 -0.248178 -0.841544 0.653245 -0.539261 0.531478 -0.585713 -0.804739 -0.096618
0.073733 0.928354 0.364312 0.412029 -0.361028 0.836595 0.908183 0.088423 -0.409128
0.895131 0.039099 0.444086 0.445803 -0.079171 -0.891623 0.000297 0.996094 -0.088299
-0.839625 0.443607 -0.313437 0.481424 0.340566 -0.807617 -0.251519 -0.828992 -0.499511
0.202353 0.135414 0.969905 -0.859718 -0.449719 0.242152 0.468976 -0.882845 0.025416
0.732011 -0.003564 0.681284 -0.455163 -0.746631 0.485148 0.506938 -0.665229 -0.548164
-0.742007 -0.651858 -0.156544 -0.652831 0.755691 -0.052369 0.152436 0.063339 -0.986282
-0.401403 0.374024 -0.836051 0.905198 0.301151 -0.299875 0.139617 -0.877163 -0.459449
0.505097 0.697091 -0.508863 0.724710 -0.662753 -0.188557 -0.468692 -0.273538 -0.839943
-0.859060 -0.155370 -0.487726 0.416963 0.340283 -0.842822 0.296914 -0.927398 -0.227540
0.017285 0.136353 -0.990510 0.964220 -0.264379 -0.019568 -0.264538 -0.954731 -0.136044
-0.047867 -0.983023 -0.177126 -0.741913 0.153722 -0.652637 0.668785 0.100172 -0.736676
0.554467 -0.214072 -0.804201 -0.780052 0.203027 -0.591861 0.289975 0.955486 -0.054415
-0.853834 0.380524 -0.355202 0.303951 -0.189504 -0.933650 -0.422589 -0.905146 0.046145
0.269490 -0.950841 0.152564 -0.725864 -0.304674 -0.616681 0.632848 0.055449 -0.772288
-0.670889 -0.739660 0.053021 0.567823 -0.558383 -0.604801 0.476954 -0.375648 0.794609
0.713510 0.684317 0.150378 0.351942 -0.164466 -0.921460 -0.605838 0.710395 -0.358188
